0.0000000000 0.0000000000 2.0004999375 
0.0100000000 -0.0152076485 2.0000047503 
0.0200000000 -0.0215040891 1.9995096402 
0.0300000000 -0.0263336243 1.9990146072 
0.0400000000 -0.0304035240 1.9985196512 
0.0500000000 -0.0339877816 1.9980247721 
0.0600000000 -0.0372269363 1.9975299700 
0.0700000000 -0.0402044859 1.9970352446 
0.0800000000 -0.0429748406 1.9965405960 
0.0900000000 -0.0455757989 1.9960460241 
0.1000000000 -0.0480348852 1.9955515289 
0.1100000000 -0.0503728807 1.9950571102 
0.1200000000 -0.0526059325 1.9945627681 
0.1300000000 -0.0547468830 1.9940685024 
0.1400000000 -0.0568061463 1.9935743132 
0.1500000000 -0.0587923059 1.9930802003 
0.1600000000 -0.0607125365 1.9925861637 
0.1700000000 -0.0625729075 1.9920922033 
0.1800000000 -0.0643786079 1.9915983192 
0.1900000000 -0.0661341156 1.9911045111 
0.2000000000 -0.0678433267 1.9906107791 
0.2100000000 -0.0695096560 1.9901171232 
0.2200000000 -0.0711361166 1.9896235432 
0.2300000000 -0.0727253831 1.9891300391 
0.2400000000 -0.0742798424 1.9886366109 
0.2500000000 -0.0758016357 1.9881432585 
0.2600000000 -0.0772926920 1.9876499818 
0.2700000000 -0.0787547567 1.9871567808 
0.2800000000 -0.0801894153 1.9866636555 
0.2900000000 -0.0815981130 1.9861706057 
0.3000000000 -0.0829821716 1.9856776315 
0.3100000000 -0.0843428037 1.9851847328 
0.3200000000 -0.0856811250 1.9846919095 
0.3300000000 -0.0869981649 1.9841991616 
0.3400000000 -0.0882948752 1.9837064890 
0.3500000000 -0.0895721387 1.9832138917 
0.3600000000 -0.0908307754 1.9827213696 
0.3700000000 -0.0920715489 1.9822289227 
0.3800000000 -0.0932951714 1.9817365509 
0.3900000000 -0.0945023091 1.9812442542 
0.4000000000 -0.0956935853 1.9807520326 
0.4100000000 -0.0968695851 1.9802598859 
0.4200000000 -0.0980308578 1.9797678142 
0.4300000000 -0.0991779204 1.9792758173 
0.4400000000 -0.1003112603 1.9787838953 
0.4500000000 -0.1014313370 1.9782920481 
0.4600000000 -0.1025385849 1.9778002757 
0.4700000000 -0.1036334149 1.9773085779 
0.4800000000 -0.1047162163 1.9768169548 
0.4900000000 -0.1057873582 1.9763254063 
0.5000000000 -0.1068471908 1.9758339324 
0.5100000000 -0.1078960473 1.9753425330 
0.5200000000 -0.1089342443 1.9748512080 
0.5300000000 -0.1099620836 1.9743599575 
0.5400000000 -0.1109798526 1.9738687814 
0.5500000000 -0.1119878257 1.9733776796 
0.5600000000 -0.1129862648 1.9728866522 
0.5700000000 -0.1139754201 1.9723956989 
0.5800000000 -0.1149555311 1.9719048199 
0.5900000000 -0.1159268269 1.9714140151 
0.6000000000 -0.1168895270 1.9709232844 
0.6100000000 -0.1178438419 1.9704326277 
0.6200000000 -0.1187899733 1.9699420452 
0.6300000000 -0.1197281150 1.9694515366 
0.6400000000 -0.1206584532 1.9689611020 
0.6500000000 -0.1215811668 1.9684707413 
0.6600000000 -0.1224964277 1.9679804545 
0.6700000000 -0.1234044017 1.9674902416 
0.6800000000 -0.1243052481 1.9670001024 
0.6900000000 -0.1251991205 1.9665100371 
0.7000000000 -0.1260861671 1.9660200454 
0.7100000000 -0.1269665307 1.9655301275 
0.7200000000 -0.1278403492 1.9650402831 
0.7300000000 -0.1287077555 1.9645505125 
0.7400000000 -0.1295688783 1.9640608154 
0.7500000000 -0.1304238418 1.9635711918 
0.7600000000 -0.1312727661 1.9630816417 
0.7700000000 -0.1321157675 1.9625921651 
0.7800000000 -0.1329529583 1.9621027620 
0.7900000000 -0.1337844475 1.9616134322 
0.8000000000 -0.1346103404 1.9611241758 
0.8100000000 -0.1354307392 1.9606349928 
0.8200000000 -0.1362457431 1.9601458830 
0.8300000000 -0.1370554479 1.9596568465 
0.8400000000 -0.1378599469 1.9591678832 
0.8500000000 -0.1386593305 1.9586789932 
0.8600000000 -0.1394536864 1.9581901762 
0.8700000000 -0.1402430999 1.9577014325 
0.8800000000 -0.1410276537 1.9572127618 
0.8900000000 -0.1418074283 1.9567241641 
0.9000000000 -0.1425825020 1.9562356396 
0.9100000000 -0.1433529507 1.9557471880 
0.9200000000 -0.1441188484 1.9552588094 
0.9300000000 -0.1448802671 1.9547705037 
0.9400000000 -0.1456372769 1.9542822710 
0.9500000000 -0.1463899460 1.9537941111 
0.9600000000 -0.1471383408 1.9533060241 
0.9700000000 -0.1478825259 1.9528180099 
0.9800000000 -0.1486225644 1.9523300686 
0.9900000000 -0.1493585179 1.9518421999 
1.0000000000 -0.1500904461 1.9513544041 
1.0100000000 -0.1508184074 1.9508666809 
1.0200000000 -0.1515424589 1.9503790305 
1.0300000000 -0.1522626562 1.9498914527 
1.0400000000 -0.1529790535 1.9494039475 
1.0500000000 -0.1536917037 1.9489165150 
1.0600000000 -0.1544006585 1.9484291551 
1.0700000000 -0.1551059685 1.9479418677 
1.0800000000 -0.1558076830 1.9474546528 
1.0900000000 -0.1565058500 1.9469675105 
1.1000000000 -0.1572005168 1.9464804406 
1.1100000000 -0.1578917293 1.9459934433 
1.1200000000 -0.1585795325 1.9455065183 
1.1300000000 -0.1592639704 1.9450196658 
1.1400000000 -0.1599450860 1.9445328857 
1.1500000000 -0.1606229215 1.9440461780 
1.1600000000 -0.1612975180 1.9435595426 
1.1700000000 -0.1619689157 1.9430729796 
1.1800000000 -0.1626371542 1.9425864889 
1.1900000000 -0.1633022720 1.9421000705 
1.2000000000 -0.1639643070 1.9416137244 
1.2100000000 -0.1646232961 1.9411274505 
1.2200000000 -0.1652792756 1.9406412489 
1.2300000000 -0.1659322811 1.9401551194 
1.2400000000 -0.1665823474 1.9396690622 
1.2500000000 -0.1672295085 1.9391830772 
1.2600000000 -0.1678737979 1.9386971644 
1.2700000000 -0.1685152483 1.9382113237 
1.2800000000 -0.1691538919 1.9377255551 
1.2900000000 -0.1697897602 1.9372398587 
1.3000000000 -0.1704228841 1.9367542344 
1.3100000000 -0.1710532939 1.9362686822 
1.3200000000 -0.1716810194 1.9357832020 
1.3300000000 -0.1723060896 1.9352977939 
1.3400000000 -0.1729285333 1.9348124579 
1.3500000000 -0.1735483785 1.9343271939 
1.3600000000 -0.1741656528 1.9338420019 
1.3700000000 -0.1747803833 1.9333568820 
1.3800000000 -0.1753925966 1.9328718340 
1.3900000000 -0.1760023188 1.9323868581 
1.4000000000 -0.1766095755 1.9319019541 
1.4100000000 -0.1772143920 1.9314171221 
1.4200000000 -0.1778167929 1.9309323621 
1.4300000000 -0.1784168025 1.9304476740 
1.4400000000 -0.1790144448 1.9299630578 
1.4500000000 -0.1796097433 1.9294785136 
1.4600000000 -0.1802027209 1.9289940413 
1.4700000000 -0.1807934005 1.9285096410 
1.4800000000 -0.1813818042 1.9280253125 
1.4900000000 -0.1819679540 1.9275410560 
1.5000000000 -0.1825518715 1.9270568714 
1.5100000000 -0.1831335779 1.9265727586 
1.5200000000 -0.1837130939 1.9260887178 
1.5300000000 -0.1842904402 1.9256047489 
1.5400000000 -0.1848656369 1.9251208518 
1.5500000000 -0.1854387039 1.9246370266 
1.5600000000 -0.1860096606 1.9241532733 
1.5700000000 -0.1865785264 1.9236695919 
1.5800000000 -0.1871453201 1.9231859823 
1.5900000000 -0.1877100604 1.9227024447 
1.6000000000 -0.1882727655 1.9222189789 
1.6100000000 -0.1888334536 1.9217355850 
1.6200000000 -0.1893921423 1.9212522629 
1.6300000000 -0.1899488493 1.9207690127 
1.6400000000 -0.1905035917 1.9202858344 
1.6500000000 -0.1910563865 1.9198027280 
1.6600000000 -0.1916072504 1.9193196935 
1.6700000000 -0.1921561998 1.9188367309 
1.6800000000 -0.1927032511 1.9183538401 
1.6900000000 -0.1932484201 1.9178710213 
1.7000000000 -0.1937917226 1.9173882744 
1.7100000000 -0.1943331741 1.9169055993 
1.7200000000 -0.1948727899 1.9164229962 
1.7300000000 -0.1954105851 1.9159404650 
1.7400000000 -0.1959465746 1.9154580057 
1.7500000000 -0.1964807728 1.9149756184 
1.7600000000 -0.1970131944 1.9144933030 
1.7700000000 -0.1975438534 1.9140110596 
1.7800000000 -0.1980727641 1.9135288881 
1.7900000000 -0.1985999400 1.9130467886 
1.8000000000 -0.1991253950 1.9125647611 
1.8100000000 -0.1996491425 1.9120828056 
1.8200000000 -0.2001711957 1.9116009222 
1.8300000000 -0.2006915677 1.9111191107 
1.8400000000 -0.2012102714 1.9106373713 
1.8500000000 -0.2017273196 1.9101557039 
1.8600000000 -0.2022427247 1.9096741087 
1.8700000000 -0.2027564993 1.9091925855 
1.8800000000 -0.2032686556 1.9087111344 
1.8900000000 -0.2037792055 1.9082297554 
1.9000000000 -0.2042881611 1.9077484486 
1.9100000000 -0.2047955340 1.9072672139 
1.9200000000 -0.2053013359 1.9067860515 
1.9300000000 -0.2058055782 1.9063049612 
1.9400000000 -0.2063082723 1.9058239431 
1.9500000000 -0.2068094292 1.9053429973 
1.9600000000 -0.2073090601 1.9048621238 
1.9700000000 -0.2078071757 1.9043813226 
1.9800000000 -0.2083037868 1.9039005936 
1.9900000000 -0.2087989041 1.9034199370 
2.0000000000 -0.2092925379 1.9029393528 
2.0100000000 -0.2097846987 1.9024588410 
2.0200000000 -0.2102753966 1.9019784016 
2.0300000000 -0.2107646418 1.9014980347 
2.0400000000 -0.2112524442 1.9010177402 
2.0500000000 -0.2117388136 1.9005375183 
2.0600000000 -0.2122237598 1.9000573689 
2.0700000000 -0.2127072924 1.8995772920 
2.0800000000 -0.2131894208 1.8990972878 
2.0900000000 -0.2136701546 1.8986173562 
2.1000000000 -0.2141495028 1.8981374973 
2.1100000000 -0.2146274747 1.8976577112 
2.1200000000 -0.2151040793 1.8971779977 
2.1300000000 -0.2155793256 1.8966983571 
2.1400000000 -0.2160532224 1.8962187893 
2.1500000000 -0.2165257784 1.8957392944 
2.1600000000 -0.2169970023 1.8952598723 
2.1700000000 -0.2174669027 1.8947805232 
2.1800000000 -0.2179354879 1.8943012472 
2.1900000000 -0.2184027662 1.8938220441 
2.2000000000 -0.2188687461 1.8933429142 
2.2100000000 -0.2193334355 1.8928638573 
2.2200000000 -0.2197968426 1.8923848737 
2.2300000000 -0.2202589753 1.8919059632 
2.2400000000 -0.2207198415 1.8914271261 
2.2500000000 -0.2211794490 1.8909483623 
2.2600000000 -0.2216378056 1.8904696718 
2.2700000000 -0.2220949188 1.8899910548 
2.2800000000 -0.2225507962 1.8895125113 
2.2900000000 -0.2230054452 1.8890340413 
2.3000000000 -0.2234588733 1.8885556449 
2.3100000000 -0.2239110877 1.8880773222 
2.3200000000 -0.2243620956 1.8875990732 
2.3300000000 -0.2248119042 1.8871208980 
2.3400000000 -0.2252605206 1.8866427966 
2.3500000000 -0.2257079517 1.8861647691 
2.3600000000 -0.2261542044 1.8856868156 
2.3700000000 -0.2265992857 1.8852089361 
2.3800000000 -0.2270432022 1.8847311308 
2.3900000000 -0.2274859607 1.8842533996 
2.4000000000 -0.2279275679 1.8837757426 
2.4100000000 -0.2283680302 1.8832981600 
2.4200000000 -0.2288073541 1.8828206518 
2.4300000000 -0.2292455462 1.8823432181 
2.4400000000 -0.2296826127 1.8818658589 
2.4500000000 -0.2301185600 1.8813885743 
2.4600000000 -0.2305533943 1.8809113644 
2.4700000000 -0.2309871218 1.8804342293 
2.4800000000 -0.2314197485 1.8799571692 
2.4900000000 -0.2318512805 1.8794801839 
2.5000000000 -0.2322817239 1.8790032738 
2.5100000000 -0.2327110845 1.8785264387 
2.5200000000 -0.2331393682 1.8780496789 
2.5300000000 -0.2335665808 1.8775729945 
2.5400000000 -0.2339927280 1.8770963854 
2.5500000000 -0.2344178157 1.8766198520 
2.5600000000 -0.2348418494 1.8761433941 
2.5700000000 -0.2352648346 1.8756670119 
2.5800000000 -0.2356867770 1.8751907056 
2.5900000000 -0.2361076820 1.8747144753 
2.6000000000 -0.2365275550 1.8742383210 
2.6100000000 -0.2369464015 1.8737622429 
2.6200000000 -0.2373642266 1.8732862411 
2.6300000000 -0.2377810358 1.8728103156 
2.6400000000 -0.2381968342 1.8723344667 
2.6500000000 -0.2386116271 1.8718586945 
2.6600000000 -0.2390254194 1.8713829990 
2.6700000000 -0.2394382164 1.8709073804 
2.6800000000 -0.2398500230 1.8704318389 
2.6900000000 -0.2402608442 1.8699563745 
2.7000000000 -0.2406706850 1.8694809875 
2.7100000000 -0.2410795502 1.8690056779 
2.7200000000 -0.2414874447 1.8685304460 
2.7300000000 -0.2418943734 1.8680552917 
2.7400000000 -0.2423003409 1.8675802154 
2.7500000000 -0.2427053519 1.8671052171 
2.7600000000 -0.2431094112 1.8666302971 
2.7700000000 -0.2435125234 1.8661554554 
2.7800000000 -0.2439146930 1.8656806923 
2.7900000000 -0.2443159247 1.8652060080 
2.8000000000 -0.2447162228 1.8647314025 
2.8100000000 -0.2451155920 1.8642568761 
2.8200000000 -0.2455140366 1.8637824290 
2.8300000000 -0.2459115609 1.8633080613 
2.8400000000 -0.2463081694 1.8628337734 
2.8500000000 -0.2467038664 1.8623595652 
2.8600000000 -0.2470986561 1.8618854372 
2.8700000000 -0.2474925428 1.8614113894 
2.8800000000 -0.2478855306 1.8609374221 
2.8900000000 -0.2482776238 1.8604635355 
2.9000000000 -0.2486688265 1.8599897299 
2.9100000000 -0.2490591427 1.8595160055 
2.9200000000 -0.2494485764 1.8590423625 
2.9300000000 -0.2498371319 1.8585688012 
2.9400000000 -0.2502248129 1.8580953218 
2.9500000000 -0.2506116235 1.8576219246 
2.9600000000 -0.2509975676 1.8571486100 
2.9700000000 -0.2513826491 1.8566753780 
2.9800000000 -0.2517668718 1.8562022292 
2.9900000000 -0.2521502396 1.8557291637 
3.0000000000 -0.2525327562 1.8552561818 
3.0100000000 -0.2529144254 1.8547832840 
3.0200000000 -0.2532952509 1.8543104704 
3.0300000000 -0.2536752365 1.8538377415 
3.0400000000 -0.2540543857 1.8533650976 
3.0500000000 -0.2544327023 1.8528925391 
3.0600000000 -0.2548101899 1.8524200663 
3.0700000000 -0.2551868519 1.8519476796 
3.0800000000 -0.2555626920 1.8514753795 
3.0900000000 -0.2559377137 1.8510031664 
3.1000000000 -0.2563119204 1.8505310406 
3.1100000000 -0.2566853157 1.8500590027 
3.1200000000 -0.2570579030 1.8495870531 
3.1300000000 -0.2574296856 1.8491151923 
3.1400000000 -0.2578006670 1.8486434208 
3.1500000000 -0.2581708505 1.8481717392 
3.1600000000 -0.2585402395 1.8477001479 
3.1700000000 -0.2589088372 1.8472286476 
3.1800000000 -0.2592766469 1.8467572388 
3.1900000000 -0.2596436718 1.8462859222 
3.2000000000 -0.2600099153 1.8458146984 
3.2100000000 -0.2603753804 1.8453435682 
3.2200000000 -0.2607400704 1.8448725321 
3.2300000000 -0.2611039884 1.8444015911 
3.2400000000 -0.2614671376 1.8439307458 
3.2500000000 -0.2618295210 1.8434599970 
3.2600000000 -0.2621911417 1.8429893457 
3.2700000000 -0.2625520028 1.8425187928 
3.2800000000 -0.2629121073 1.8420483392 
3.2900000000 -0.2632714582 1.8415779860 
3.3000000000 -0.2636300586 1.8411077342 
3.3100000000 -0.2639879113 1.8406375850 
3.3200000000 -0.2643450193 1.8401675395 
3.3300000000 -0.2647013856 1.8396975991 
3.3400000000 -0.2650570130 1.8392277652 
3.3500000000 -0.2654119045 1.8387580392 
3.3600000000 -0.2657660628 1.8382884227 
3.3700000000 -0.2661194909 1.8378189173 
3.3800000000 -0.2664721916 1.8373495248 
3.3900000000 -0.2668241676 1.8368802473 
3.4000000000 -0.2671754218 1.8364110868 
3.4100000000 -0.2675259570 1.8359420455 
3.4200000000 -0.2678757758 1.8354731260 
3.4300000000 -0.2682248810 1.8350043308 
3.4400000000 -0.2685732755 1.8345356630 
3.4500000000 -0.2689209618 1.8340671258 
3.4600000000 -0.2692679427 1.8335987226 
3.4700000000 -0.2696142208 1.8331304574 
3.4800000000 -0.2699597989 1.8326623346 
3.4900000000 -0.2703046797 1.8321943591 
3.5000000000 -0.2706488657 1.8317265362 
3.5100000000 -0.2709923598 1.8312588722 
3.5200000000 -0.2713351645 1.8307913740 
3.5300000000 -0.2716772826 1.8303240499 
3.5400000000 -0.2720187168 1.8298569091 
3.5500000000 -0.2723594698 1.8293899625 
3.5600000000 -0.2726995444 1.8289232231 
3.5700000000 -0.2730389435 1.8284567064 
3.5800000000 -0.2733776701 1.8279904311 
3.5900000000 -0.2737157272 1.8275244205 
3.6000000000 -0.2740531181 1.8270587040 
3.6100000000 -0.2743898464 1.8265933198 
3.6200000000 -0.2747259161 1.8261283188 
3.6300000000 -0.2750613319 1.8256637721 
3.6400000000 -0.2753960999 1.8251997840 
3.6500000000 -0.2757302284 1.8247365200 
3.6600000000 -0.2760637308 1.8242742729 
3.6700000000 -0.2763966339 1.8238136690 
3.6800000000 -0.2767290231 1.8233567534 
3.6900000000 -0.2770451961 1.8229065972 
3.7000000000 -0.2773628229 1.8224385830 
3.7100000000 -0.2776838971 1.8219704432 
3.7200000000 -0.2780059301 1.8215022893 
3.7300000000 -0.2783282391 1.8210341527 
3.7400000000 -0.2786505192 1.8205660481 
3.7500000000 -0.2789726037 1.8200979837 
3.7600000000 -0.2792943904 1.8196299648 
3.7700000000 -0.2796158114 1.8191619948 
3.7800000000 -0.2799368194 1.8186940764 
3.7900000000 -0.2802573800 1.8182262115 
3.8000000000 -0.2805774676 1.8177584017 
3.8100000000 -0.2808970625 1.8172906482 
3.8200000000 -0.2812161494 1.8168229520 
3.8300000000 -0.2815347163 1.8163553139 
3.8400000000 -0.2818527534 1.8158877347 
3.8500000000 -0.2821702531 1.8154202149 
3.8600000000 -0.2824872091 1.8149527550 
3.8700000000 -0.2828036163 1.8144853556 
3.8800000000 -0.2831194706 1.8140180170 
3.8900000000 -0.2834347688 1.8135507395 
3.9000000000 -0.2837495080 1.8130835235 
3.9100000000 -0.2840636863 1.8126163693 
3.9200000000 -0.2843773018 1.8121492772 
3.9300000000 -0.2846903534 1.8116822473 
3.9400000000 -0.2850028399 1.8112152799 
3.9500000000 -0.2853147608 1.8107483752 
3.9600000000 -0.2856261155 1.8102815335 
3.9700000000 -0.2859369038 1.8098147547 
3.9800000000 -0.2862471257 1.8093480392 
3.9900000000 -0.2865567813 1.8088813871 
4.0000000000 -0.2868658707 1.8084147985 
4.0100000000 -0.2871743943 1.8079482735 
4.0200000000 -0.2874823526 1.8074818123 
4.0300000000 -0.2877897462 1.8070154150 
4.0400000000 -0.2880965756 1.8065490817 
4.0500000000 -0.2884028417 1.8060828125 
4.0600000000 -0.2887085451 1.8056166075 
4.0700000000 -0.2890136867 1.8051504668 
4.0800000000 -0.2893182674 1.8046843906 
4.0900000000 -0.2896222882 1.8042183788 
4.1000000000 -0.2899257499 1.8037524316 
4.1100000000 -0.2902286537 1.8032865491 
4.1200000000 -0.2905310006 1.8028207313 
4.1300000000 -0.2908327917 1.8023549784 
4.1400000000 -0.2911340280 1.8018892904 
4.1500000000 -0.2914347107 1.8014236673 
4.1600000000 -0.2917348410 1.8009581093 
4.1700000000 -0.2920344200 1.8004926164 
4.1800000000 -0.2923334490 1.8000271886 
4.1900000000 -0.2926319290 1.7995618262 
4.2000000000 -0.2929298614 1.7990965290 
4.2100000000 -0.2932272474 1.7986312972 
4.2200000000 -0.2935240882 1.7981661308 
4.2300000000 -0.2938203851 1.7977010300 
4.2400000000 -0.2941161392 1.7972359947 
4.2500000000 -0.2944113520 1.7967710250 
4.2600000000 -0.2947060246 1.7963061210 
4.2700000000 -0.2950001584 1.7958412827 
4.2800000000 -0.2952937545 1.7953765102 
4.2900000000 -0.2955868144 1.7949118035 
4.3000000000 -0.2958793393 1.7944471627 
4.3100000000 -0.2961713304 1.7939825878 
4.3200000000 -0.2964627891 1.7935180790 
4.3300000000 -0.2967537167 1.7930536362 
4.3400000000 -0.2970441144 1.7925892595 
4.3500000000 -0.2973339836 1.7921249489 
4.3600000000 -0.2976233256 1.7916607045 
4.3700000000 -0.2979121416 1.7911965264 
4.3800000000 -0.2982004329 1.7907324146 
4.3900000000 -0.2984882008 1.7902683691 
4.4000000000 -0.2987754467 1.7898043900 
4.4100000000 -0.2990621717 1.7893404774 
4.4200000000 -0.2993483773 1.7888766313 
4.4300000000 -0.2996340646 1.7884128517 
4.4400000000 -0.2999192350 1.7879491386 
4.4500000000 -0.3002038898 1.7874854923 
4.4600000000 -0.3004880301 1.7870219125 
4.4700000000 -0.3007716573 1.7865583996 
4.4800000000 -0.3010547727 1.7860949534 
4.4900000000 -0.3013373775 1.7856315740 
4.5000000000 -0.3016194730 1.7851682615 
4.5100000000 -0.3019010605 1.7847050158 
4.5200000000 -0.3021821412 1.7842418372 
4.5300000000 -0.3024627163 1.7837787255 
4.5400000000 -0.3027427871 1.7833156809 
4.5500000000 -0.3030223549 1.7828527034 
4.5600000000 -0.3033014208 1.7823897931 
4.5700000000 -0.3035799862 1.7819269499 
4.5800000000 -0.3038580523 1.7814641740 
4.5900000000 -0.3041356202 1.7810014653 
4.6000000000 -0.3044126913 1.7805388239 
4.6100000000 -0.3046892667 1.7800762500 
4.6200000000 -0.3049653476 1.7796137434 
4.6300000000 -0.3052409353 1.7791513043 
4.6400000000 -0.3055160309 1.7786889327 
4.6500000000 -0.3057906357 1.7782266286 
4.6600000000 -0.3060647509 1.7777643922 
4.6700000000 -0.3063383776 1.7773022234 
4.6800000000 -0.3066115171 1.7768401222 
4.6900000000 -0.3068841705 1.7763780888 
4.7000000000 -0.3071563390 1.7759161232 
4.7100000000 -0.3074280238 1.7754542254 
4.7200000000 -0.3076992260 1.7749923955 
4.7300000000 -0.3079699468 1.7745306335 
4.7400000000 -0.3082401874 1.7740689394 
4.7500000000 -0.3085099489 1.7736073134 
4.7600000000 -0.3087792324 1.7731457554 
4.7700000000 -0.3090480392 1.7726842655 
4.7800000000 -0.3093163704 1.7722228437 
4.7900000000 -0.3095842270 1.7717614901 
4.8000000000 -0.3098516103 1.7713002048 
4.8100000000 -0.3101185213 1.7708389877 
4.8200000000 -0.3103849612 1.7703778390 
4.8300000000 -0.3106509311 1.7699167587 
4.8400000000 -0.3109164320 1.7694557467 
4.8500000000 -0.3111814652 1.7689948033 
4.8600000000 -0.3114460317 1.7685339283 
4.8700000000 -0.3117101326 1.7680731219 
4.8800000000 -0.3119737690 1.7676123842 
4.8900000000 -0.3122369420 1.7671517151 
4.9000000000 -0.3124996527 1.7666911146 
4.9100000000 -0.3127619021 1.7662305830 
4.9200000000 -0.3130236914 1.7657701201 
4.9300000000 -0.3132850215 1.7653097261 
4.9400000000 -0.3135458937 1.7648494010 
4.9500000000 -0.3138063088 1.7643891448 
4.9600000000 -0.3140662680 1.7639289576 
4.9700000000 -0.3143257724 1.7634688395 
4.9800000000 -0.3145848229 1.7630087904 
4.9900000000 -0.3148434207 1.7625488105 
5.0000000000 -0.3151015667 1.7620888998 
5.0100000000 -0.3153592621 1.7616290583 
5.0200000000 -0.3156165077 1.7611692860 
5.0300000000 -0.3158733048 1.7607095831 
5.0400000000 -0.3161296541 1.7602499496 
5.0500000000 -0.3163855569 1.7597903856 
5.0600000000 -0.3166410141 1.7593308910 
5.0700000000 -0.3168960267 1.7588714659 
5.0800000000 -0.3171505957 1.7584121104 
5.0900000000 -0.3174047221 1.7579528245 
5.1000000000 -0.3176584069 1.7574936083 
5.1100000000 -0.3179116511 1.7570344619 
5.1200000000 -0.3181644557 1.7565753852 
5.1300000000 -0.3184168217 1.7561163784 
5.1400000000 -0.3186687500 1.7556574414 
5.1500000000 -0.3189202416 1.7551985744 
5.1600000000 -0.3191712975 1.7547397774 
5.1700000000 -0.3194219187 1.7542810503 
5.1800000000 -0.3196721061 1.7538223934 
5.1900000000 -0.3199218606 1.7533638066 
5.2000000000 -0.3201711833 1.7529052901 
5.2100000000 -0.3204200750 1.7524468437 
5.2200000000 -0.3206685368 1.7519884677 
5.2300000000 -0.3209165695 1.7515301619 
5.2400000000 -0.3211641741 1.7510719266 
5.2500000000 -0.3214113515 1.7506137618 
5.2600000000 -0.3216581027 1.7501556674 
5.2700000000 -0.3219044286 1.7496976436 
5.2800000000 -0.3221503301 1.7492396904 
5.2900000000 -0.3223958081 1.7487818079 
5.3000000000 -0.3226408635 1.7483239961 
5.3100000000 -0.3228854973 1.7478662551 
5.3200000000 -0.3231297104 1.7474085849 
5.3300000000 -0.3233735035 1.7469509856 
5.3400000000 -0.3236168778 1.7464934572 
5.3500000000 -0.3238598340 1.7460359998 
5.3600000000 -0.3241023730 1.7455786134 
5.3700000000 -0.3243444958 1.7451212981 
5.3800000000 -0.3245862031 1.7446640540 
5.3900000000 -0.3248274960 1.7442068811 
5.4000000000 -0.3250683752 1.7437497795 
5.4100000000 -0.3253088416 1.7432927491 
5.4200000000 -0.3255488962 1.7428357902 
5.4300000000 -0.3257885397 1.7423789026 
5.4400000000 -0.3260277731 1.7419220866 
5.4500000000 -0.3262665972 1.7414653421 
5.4600000000 -0.3265050128 1.7410086692 
5.4700000000 -0.3267430208 1.7405520679 
5.4800000000 -0.3269806220 1.7400955384 
5.4900000000 -0.3272178174 1.7396390806 
5.5000000000 -0.3274546077 1.7391826947 
5.5100000000 -0.3276909937 1.7387263806 
5.5200000000 -0.3279269764 1.7382701385 
5.5300000000 -0.3281625565 1.7378139684 
5.5400000000 -0.3283977349 1.7373578703 
5.5500000000 -0.3286325124 1.7369018443 
5.5600000000 -0.3288668897 1.7364458905 
5.5700000000 -0.3291008678 1.7359900089 
5.5800000000 -0.3293344475 1.7355341997 
5.5900000000 -0.3295676295 1.7350784627 
5.6000000000 -0.3298004147 1.7346227982 
5.6100000000 -0.3300328038 1.7341672061 
5.6200000000 -0.3302647977 1.7337116866 
5.6300000000 -0.3304963972 1.7332562396 
5.6400000000 -0.3307276031 1.7328008653 
5.6500000000 -0.3309584161 1.7323455637 
5.6600000000 -0.3311888371 1.7318903348 
5.6700000000 -0.3314188667 1.7314351788 
5.6800000000 -0.3316485060 1.7309800956 
5.6900000000 -0.3318777555 1.7305250854 
5.7000000000 -0.3321066161 1.7300701482 
5.7100000000 -0.3323350885 1.7296152840 
5.7200000000 -0.3325631736 1.7291604930 
5.7300000000 -0.3327908720 1.7287057751 
5.7400000000 -0.3330181846 1.7282511305 
5.7500000000 -0.3332451122 1.7277965592 
5.7600000000 -0.3334716554 1.7273420613 
5.7700000000 -0.3336978150 1.7268876368 
5.7800000000 -0.3339235918 1.7264332858 
5.7900000000 -0.3341489866 1.7259790084 
5.8000000000 -0.3343740000 1.7255248046 
5.8100000000 -0.3345986329 1.7250706744 
5.8200000000 -0.3348228860 1.7246166180 
5.8300000000 -0.3350467599 1.7241626354 
5.8400000000 -0.3352702556 1.7237087267 
5.8500000000 -0.3354933736 1.7232548919 
5.8600000000 -0.3357161147 1.7228011311 
5.8700000000 -0.3359384797 1.7223474444 
5.8800000000 -0.3361604692 1.7218938318 
5.8900000000 -0.3363820840 1.7214402933 
5.9000000000 -0.3366033249 1.7209868292 
5.9100000000 -0.3368241925 1.7205334393 
5.9200000000 -0.3370446875 1.7200801238 
5.9300000000 -0.3372648107 1.7196268828 
5.9400000000 -0.3374845628 1.7191737163 
5.9500000000 -0.3377039445 1.7187206243 
5.9600000000 -0.3379229564 1.7182676070 
5.9700000000 -0.3381415993 1.7178146644 
5.9800000000 -0.3383598739 1.7173617966 
5.9900000000 -0.3385777809 1.7169090036 
6.0000000000 -0.3387953210 1.7164562855 
6.0100000000 -0.3390124949 1.7160036424 
6.0200000000 -0.3392293032 1.7155510743 
6.0300000000 -0.3394457467 1.7150985814 
6.0400000000 -0.3396618260 1.7146461636 
6.0500000000 -0.3398775418 1.7141938210 
6.0600000000 -0.3400928948 1.7137415537 
6.0700000000 -0.3403078857 1.7132893618 
6.0800000000 -0.3405225152 1.7128372454 
6.0900000000 -0.3407367838 1.7123852044 
6.1000000000 -0.3409506924 1.7119332390 
6.1100000000 -0.3411642415 1.7114813493 
6.1200000000 -0.3413774319 1.7110295353 
6.1300000000 -0.3415902642 1.7105777970 
6.1400000000 -0.3418027390 1.7101261346 
6.1500000000 -0.3420148570 1.7096745481 
6.1600000000 -0.3422266189 1.7092230376 
6.1700000000 -0.3424380254 1.7087716032 
6.1800000000 -0.3426490770 1.7083202448 
6.1900000000 -0.3428597744 1.7078689627 
6.2000000000 -0.3430701183 1.7074177568 
6.2100000000 -0.3432801094 1.7069666273 
6.2200000000 -0.3434897482 1.7065155741 
6.2300000000 -0.3436990354 1.7060645974 
6.2400000000 -0.3439079717 1.7056136973 
6.2500000000 -0.3441165577 1.7051628738 
6.2600000000 -0.3443247939 1.7047121269 
6.2700000000 -0.3445326812 1.7042614568 
6.2800000000 -0.3447402200 1.7038108636 
6.2900000000 -0.3449474110 1.7033603472 
6.3000000000 -0.3451542549 1.7029099078 
6.3100000000 -0.3453607523 1.7024595454 
6.3200000000 -0.3455669037 1.7020092602 
6.3300000000 -0.3457727098 1.7015590521 
6.3400000000 -0.3459781713 1.7011089213 
6.3500000000 -0.3461832887 1.7006588678 
6.3600000000 -0.3463880627 1.7002088917 
6.3700000000 -0.3465924938 1.6997589930 
6.3800000000 -0.3467965828 1.6993091720 
6.3900000000 -0.3470003301 1.6988594285 
6.4000000000 -0.3472037364 1.6984097627 
6.4100000000 -0.3474068023 1.6979601747 
6.4200000000 -0.3476095284 1.6975106645 
6.4300000000 -0.3478119153 1.6970612322 
6.4400000000 -0.3480139637 1.6966118780 
6.4500000000 -0.3482156740 1.6961626017 
6.4600000000 -0.3484170469 1.6957134036 
6.4700000000 -0.3486180831 1.6952642837 
6.4800000000 -0.3488187830 1.6948152421 
6.4900000000 -0.3490191473 1.6943662789 
6.5000000000 -0.3492191765 1.6939173940 
6.5100000000 -0.3494188713 1.6934685877 
6.5200000000 -0.3496182322 1.6930198600 
6.5300000000 -0.3498172598 1.6925712109 
6.5400000000 -0.3500159548 1.6921226405 
6.5500000000 -0.3502143176 1.6916741490 
6.5600000000 -0.3504123488 1.6912257363 
6.5700000000 -0.3506100491 1.6907774026 
6.5800000000 -0.3508074189 1.6903291480 
6.5900000000 -0.3510044590 1.6898809724 
6.6000000000 -0.3512011698 1.6894328761 
6.6100000000 -0.3513975519 1.6889848590 
6.6200000000 -0.3515936058 1.6885369212 
6.6300000000 -0.3517893323 1.6880890629 
6.6400000000 -0.3519847317 1.6876412840 
6.6500000000 -0.3521798047 1.6871935848 
6.6600000000 -0.3523745518 1.6867459652 
6.6700000000 -0.3525689736 1.6862984253 
6.6800000000 -0.3527630706 1.6858509652 
6.6900000000 -0.3529568434 1.6854035851 
6.7000000000 -0.3531502926 1.6849562849 
6.7100000000 -0.3533434187 1.6845090647 
6.7200000000 -0.3535362223 1.6840619246 
6.7300000000 -0.3537287038 1.6836148648 
6.7400000000 -0.3539208639 1.6831678853 
6.7500000000 -0.3541127031 1.6827209861 
6.7600000000 -0.3543042219 1.6822741673 
6.7700000000 -0.3544954209 1.6818274291 
6.7800000000 -0.3546863007 1.6813807714 
6.7900000000 -0.3548768617 1.6809341945 
6.8000000000 -0.3550671045 1.6804876983 
6.8100000000 -0.3552570296 1.6800412829 
6.8200000000 -0.3554466376 1.6795949485 
6.8300000000 -0.3556359290 1.6791486951 
6.8400000000 -0.3558249044 1.6787025228 
6.8500000000 -0.3560135642 1.6782564316 
6.8600000000 -0.3562019090 1.6778104217 
6.8700000000 -0.3563899393 1.6773644931 
6.8800000000 -0.3565776557 1.6769186459 
6.8900000000 -0.3567650587 1.6764728802 
6.9000000000 -0.3569521487 1.6760271961 
6.9100000000 -0.3571389264 1.6755815936 
6.9200000000 -0.3573253922 1.6751360729 
6.9300000000 -0.3575115467 1.6746906340 
6.9400000000 -0.3576973904 1.6742452771 
6.9500000000 -0.3578829237 1.6738000021 
6.9600000000 -0.3580681473 1.6733548091 
6.9700000000 -0.3582530615 1.6729096984 
6.9800000000 -0.3584376670 1.6724646698 
6.9900000000 -0.3586219643 1.6720197236 
7.0000000000 -0.3588059538 1.6715748598 
7.0100000000 -0.3589896361 1.6711300785 
7.0200000000 -0.3591730116 1.6706853798 
7.0300000000 -0.3593560809 1.6702407638 
7.0400000000 -0.3595388445 1.6697962304 
7.0500000000 -0.3597213029 1.6693517800 
7.0600000000 -0.3599034565 1.6689074124 
7.0700000000 -0.3600853060 1.6684631278 
7.0800000000 -0.3602668517 1.6680189264 
7.0900000000 -0.3604480942 1.6675748081 
7.1000000000 -0.3606290339 1.6671307730 
7.1100000000 -0.3608096715 1.6666868213 
7.1200000000 -0.3609900073 1.6662429531 
7.1300000000 -0.3611700419 1.6657991683 
7.1400000000 -0.3613497757 1.6653554672 
7.1500000000 -0.3615292092 1.6649118498 
7.1600000000 -0.3617083430 1.6644683161 
7.1700000000 -0.3618871775 1.6640248664 
7.1800000000 -0.3620657132 1.6635815005 
7.1900000000 -0.3622439506 1.6631382188 
7.2000000000 -0.3624218902 1.6626950211 
7.2100000000 -0.3625995324 1.6622519077 
7.2200000000 -0.3627768777 1.6618088786 
7.2300000000 -0.3629539267 1.6613659339 
7.2400000000 -0.3631306798 1.6609230736 
7.2500000000 -0.3633071374 1.6604802980 
7.2600000000 -0.3634833001 1.6600376070 
7.2700000000 -0.3636591684 1.6595950008 
7.2800000000 -0.3638347426 1.6591524794 
7.2900000000 -0.3640100233 1.6587100430 
7.3000000000 -0.3641850110 1.6582676916 
7.3100000000 -0.3643597061 1.6578254253 
7.3200000000 -0.3645341090 1.6573832442 
7.3300000000 -0.3647082204 1.6569411485 
7.3400000000 -0.3648820405 1.6564991381 
7.3500000000 -0.3650555700 1.6560572132 
7.3600000000 -0.3652288092 1.6556153739 
7.3700000000 -0.3654017587 1.6551736202 
7.3800000000 -0.3655744189 1.6547319523 
7.3900000000 -0.3657467902 1.6542903703 
7.4000000000 -0.3659188731 1.6538488742 
7.4100000000 -0.3660906681 1.6534074641 
7.4200000000 -0.3662621757 1.6529661402 
7.4300000000 -0.3664333962 1.6525249025 
7.4400000000 -0.3666043302 1.6520837511 
7.4500000000 -0.3667749781 1.6516426861 
7.4600000000 -0.3669453404 1.6512017077 
7.4700000000 -0.3671154175 1.6507608158 
7.4800000000 -0.3672852099 1.6503200106 
7.4900000000 -0.3674547180 1.6498792923 
7.5000000000 -0.3676239423 1.6494386608 
7.5100000000 -0.3677928832 1.6489981163 
7.5200000000 -0.3679615412 1.6485576588 
7.5300000000 -0.3681299167 1.6481172886 
7.5400000000 -0.3682980102 1.6476770056 
7.5500000000 -0.3684658221 1.6472368100 
7.5600000000 -0.3686333529 1.6467967018 
7.5700000000 -0.3688006031 1.6463566812 
7.5800000000 -0.3689675729 1.6459167483 
7.5900000000 -0.3691342630 1.6454769031 
7.6000000000 -0.3693006737 1.6450371458 
7.6100000000 -0.3694668056 1.6445974764 
7.6200000000 -0.3696326589 1.6441578951 
7.6300000000 -0.3697982342 1.6437184019 
7.6400000000 -0.3699635319 1.6432789970 
7.6500000000 -0.3701285524 1.6428396804 
7.6600000000 -0.3702932963 1.6424004522 
7.6700000000 -0.3704577638 1.6419613127 
7.6800000000 -0.3706219555 1.6415222617 
7.6900000000 -0.3707858718 1.6410832995 
7.7000000000 -0.3709495131 1.6406444262 
7.7100000000 -0.3711128798 1.6402056418 
7.7200000000 -0.3712759724 1.6397669465 
7.7300000000 -0.3714387913 1.6393283403 
7.7400000000 -0.3716013370 1.6388898234 
7.7500000000 -0.3717636098 1.6384513958 
7.7600000000 -0.3719256102 1.6380130577 
7.7700000000 -0.3720873387 1.6375748092 
7.7800000000 -0.3722487956 1.6371366503 
7.7900000000 -0.3724099814 1.6366985812 
7.8000000000 -0.3725708964 1.6362606020 
7.8100000000 -0.3727315412 1.6358227128 
7.8200000000 -0.3728919162 1.6353849137 
7.8300000000 -0.3730520217 1.6349472047 
7.8400000000 -0.3732118581 1.6345095861 
7.8500000000 -0.3733714260 1.6340720578 
7.8600000000 -0.3735307258 1.6336346201 
7.8700000000 -0.3736897578 1.6331972730 
7.8800000000 -0.3738485224 1.6327600166 
7.8900000000 -0.3740070201 1.6323228511 
7.9000000000 -0.3741652513 1.6318857765 
7.9100000000 -0.3743232165 1.6314487929 
7.9200000000 -0.3744809159 1.6310119006 
7.9300000000 -0.3746383501 1.6305750995 
7.9400000000 -0.3747955195 1.6301383897 
7.9500000000 -0.3749524244 1.6297017715 
7.9600000000 -0.3751090653 1.6292652449 
7.9700000000 -0.3752654426 1.6288288099 
7.9800000000 -0.3754215567 1.6283924669 
7.9900000000 -0.3755774080 1.6279562157 
8.0000000000 -0.3757329970 1.6275200566 
