0.0000000000 0.0000000000
0.0005000000 -0.0069453088
0.0010000000 0.0293243975
0.0015000000 0.0153135212
0.0020000000 0.0071090882
0.0025000000 0.0128029045
0.0030000000 0.0344278401
0.0035000000 0.0412370003
0.0040000000 0.0720023469
0.0045000000 0.0893201622
0.0050000000 0.1211210685
0.0055000000 0.1193198633
0.0060000000 0.1219905985
0.0065000000 0.1435880845
0.0070000000 0.1633369702
0.0075000000 0.1819197786
0.0080000000 0.1881954760
0.0085000000 0.1927755952
0.0090000000 0.2102114808
0.0095000000 0.2229381968
0.0100000000 0.1988585479
0.0105000000 0.1662737751
0.0110000000 0.1627421147
0.0115000000 0.1525277026
0.0120000000 0.1889653932
0.0125000000 0.1939370535
0.0130000000 0.2343646956
0.0135000000 0.2252268527
0.0140000000 0.2142314961
0.0145000000 0.1981795740
0.0150000000 0.1978595066
0.0155000000 0.2322253489
0.0160000000 0.2354041139
0.0165000000 0.2341676936
0.0170000000 0.2406362716
0.0175000000 0.2682589812
0.0180000000 0.2819594649
0.0185000000 0.2729303782
0.0190000000 0.3086795694
0.0195000000 0.2781816405
0.0200000000 0.3172009860
0.0205000000 0.3034437884
0.0210000000 0.2778514364
0.0215000000 0.3142052186
0.0220000000 0.3118128039
0.0225000000 0.3269853394
0.0230000000 0.2852406354
0.0235000000 0.3079426237
0.0240000000 0.2981481780
0.0245000000 0.2649276209
0.0250000000 0.2298647831
0.0255000000 0.2062999730
0.0260000000 0.1888389729
0.0265000000 0.1900214136
0.0270000000 0.1921487018
0.0275000000 0.2226831977
0.0280000000 0.2474788468
0.0285000000 0.3022028291
0.0290000000 0.3097857233
0.0295000000 0.3286626977
0.0300000000 0.3462996382
0.0305000000 0.3609080456
0.0310000000 0.3724660105
0.0315000000 0.3893377786
0.0320000000 0.3714188013
0.0325000000 0.3651577958
0.0330000000 0.3794807905
0.0335000000 0.3644016818
0.0340000000 0.3982492584
0.0345000000 0.4002067033
0.0350000000 0.4177817000
0.0355000000 0.4634269191
0.0360000000 0.4229279126
0.0365000000 0.3845230724
0.0370000000 0.3902173869
0.0375000000 0.3429114613
0.0380000000 0.2947016138
0.0385000000 0.2667090832
0.0390000000 0.2877013786
0.0395000000 0.2362858847
0.0400000000 0.2274957135
0.0405000000 0.2430507098
0.0410000000 0.2468781696
0.0415000000 0.2480910529
0.0420000000 0.2832343797
0.0425000000 0.2927035909
0.0430000000 0.2863334625
0.0435000000 0.2992353687
0.0440000000 0.3267928399
0.0445000000 0.2943711995
0.0450000000 0.3079836135
0.0455000000 0.3025458549
0.0460000000 0.3233075056
0.0465000000 0.3296071173
0.0470000000 0.3271869494
0.0475000000 0.2999747955
0.0480000000 0.2835920960
0.0485000000 0.2846057174
0.0490000000 0.3207964658
0.0495000000 0.2925698973
0.0500000000 0.3185198535
0.0505000000 0.2905740602
0.0510000000 0.2804450510
0.0515000000 0.2650469301
0.0520000000 0.2840951680
0.0525000000 0.2648319192
0.0530000000 0.2419711128
0.0535000000 0.2495367372
0.0540000000 0.2520514467
0.0545000000 0.2617314895
0.0550000000 0.2497154518
0.0555000000 0.2236001105
0.0560000000 0.1987743714
0.0565000000 0.1869597052
0.0570000000 0.2137532694
0.0575000000 0.2444748667
0.0580000000 0.2701605417
0.0585000000 0.2356061770
0.0590000000 0.2526756223
0.0595000000 0.2435769681
0.0600000000 0.2423117445
0.0605000000 0.2692996485
0.0610000000 0.2524093240
0.0615000000 0.2565023405
0.0620000000 0.2467367862
0.0625000000 0.2651186862
0.0630000000 0.2554572654
0.0635000000 0.2864338463
0.0640000000 0.2916917038
0.0645000000 0.2756048597
0.0650000000 0.2724235891
0.0655000000 0.3238215822
0.0660000000 0.3009979839
0.0665000000 0.2885804990
0.0670000000 0.2892504341
0.0675000000 0.2777895896
0.0680000000 0.2798128662
0.0685000000 0.2506835214
0.0690000000 0.2562912235
0.0695000000 0.2664486483
0.0700000000 0.2654108638
0.0705000000 0.2498755208
0.0710000000 0.2506643588
0.0715000000 0.2286143265
0.0720000000 0.1796213036
0.0725000000 0.2208085290
0.0730000000 0.2418023534
0.0735000000 0.1880253114
0.0740000000 0.1969445111
0.0745000000 0.2101927204
0.0750000000 0.2059597367
0.0755000000 0.1737740338
0.0760000000 0.1879774223
0.0765000000 0.2057602555
0.0770000000 0.2150960330
0.0775000000 0.1771926301
0.0780000000 0.1621131235
0.0785000000 0.1187616091
0.0790000000 0.0950697131
0.0795000000 0.0900700681
0.0800000000 0.0610824478
0.0805000000 0.0558869351
0.0810000000 0.0207859500
0.0815000000 0.0007937009
0.0820000000 0.0212061980
0.0825000000 0.0182483219
0.0830000000 0.0402542038
0.0835000000 0.0743469466
0.0840000000 0.0579377610
0.0845000000 0.0404958809
0.0850000000 0.0325856203
0.0855000000 0.0054036890
0.0860000000 -0.0161318227
0.0865000000 -0.0186056632
0.0870000000 -0.0419218274
0.0875000000 -0.0851574918
0.0880000000 -0.0700318619
0.0885000000 -0.0595550353
0.0890000000 -0.0608097358
0.0895000000 -0.0476396602
0.0900000000 -0.1042261963
0.0905000000 -0.0815746971
0.0910000000 -0.0923745969
0.0915000000 -0.0895229607
0.0920000000 -0.0857488292
0.0925000000 -0.0995076844
0.0930000000 -0.1028026025
0.0935000000 -0.1129328125
0.0940000000 -0.1242042415
0.0945000000 -0.1028171712
0.0950000000 -0.0806896815
0.0955000000 -0.1542186529
0.0960000000 -0.1771882557
0.0965000000 -0.1692909354
0.0970000000 -0.1407076797
0.0975000000 -0.1224466976
0.0980000000 -0.0991225184
0.0985000000 -0.0760932073
0.0990000000 -0.0970576679
0.0995000000 -0.1379167700
0.1000000000 -0.1583283394
0.1005000000 -0.1088218476
0.1010000000 -0.1293382858
0.1015000000 -0.1327033459
0.1020000000 -0.0941908123
0.1025000000 -0.1291984216
0.1030000000 -0.1123587313
0.1035000000 -0.1065737860
0.1040000000 -0.1257291306
0.1045000000 -0.1150372811
0.1050000000 -0.1118746394
0.1055000000 -0.1069770356
0.1060000000 -0.1043445763
0.1065000000 -0.1378971967
0.1070000000 -0.1304395969
0.1075000000 -0.1142095340
0.1080000000 -0.1003909200
0.1085000000 -0.0755603945
0.1090000000 -0.0706820438
0.1095000000 -0.0657361773
0.1100000000 -0.0520937072
0.1105000000 -0.0600235412
0.1110000000 -0.0492892821
0.1115000000 -0.0562514448
0.1120000000 -0.0526924841
0.1125000000 -0.0331197846
0.1130000000 -0.0038826646
0.1135000000 0.0167226269
0.1140000000 0.0287401060
0.1145000000 0.0602889373
0.1150000000 0.0737268181
0.1155000000 0.0812105902
0.1160000000 0.1226151805
0.1165000000 0.1086490007
0.1170000000 0.0907054449
0.1175000000 0.0851261818
0.1180000000 0.1031370239
0.1185000000 0.0995812252
0.1190000000 0.0984450782
0.1195000000 0.1359423942
0.1200000000 0.1852548173
0.1205000000 0.1782685687
0.1210000000 0.1730746171
0.1215000000 0.1980739410
0.1220000000 0.2108179302
0.1225000000 0.2315860325
0.1230000000 0.2200543789
0.1235000000 0.2478032748
0.1240000000 0.2455099983
0.1245000000 0.2207160130
0.1250000000 0.2400971615
0.1255000000 0.2816039370
0.1260000000 0.2886525085
0.1265000000 0.2629476032
0.1270000000 0.2285935709
0.1275000000 0.2287827565
0.1280000000 0.1929369896
0.1285000000 0.1743576495
0.1290000000 0.1829755238
0.1295000000 0.1696098123
0.1300000000 0.1674880661
0.1305000000 0.1326053437
0.1310000000 0.1492468174
0.1315000000 0.1723929300
0.1320000000 0.1365020735
0.1325000000 0.1257045702
0.1330000000 0.1121357426
0.1335000000 0.1059352054
0.1340000000 0.1095499253
0.1345000000 0.1009323605
0.1350000000 0.1273499348
0.1355000000 0.1433874955
0.1360000000 0.1211539241
0.1365000000 0.0978136265
0.1370000000 0.1217782040
0.1375000000 0.0470550409
0.1380000000 0.0334834687
0.1385000000 0.0461628937
0.1390000000 0.0445744598
0.1395000000 0.0435182543
0.1400000000 0.0295495104
0.1405000000 0.0648229500
0.1410000000 0.0554507770
0.1415000000 0.0701901994
0.1420000000 0.0352445398
0.1425000000 0.0300804634
0.1430000000 0.0783037156
0.1435000000 0.0501581491
0.1440000000 0.0404018062
0.1445000000 0.0373413210
0.1450000000 0.0597811457
0.1455000000 0.0704723918
0.1460000000 0.0996322778
0.1465000000 0.0610924882
0.1470000000 0.0555303455
0.1475000000 0.0284928260
0.1480000000 0.0004019802
0.1485000000 -0.0044962192
0.1490000000 0.0075937908
0.1495000000 0.0095257749
0.1500000000 0.0442430285
0.1505000000 0.0412939405
0.1510000000 0.0704593445
0.1515000000 0.0395325671
0.1520000000 0.0520127376
0.1525000000 0.0693009851
0.1530000000 0.0959225620
0.1535000000 0.0994422157
0.1540000000 0.1201217268
0.1545000000 0.1297582632
0.1550000000 0.0852941981
0.1555000000 0.1178420616
0.1560000000 0.1433361097
0.1565000000 0.1564952189
0.1570000000 0.1638682920
0.1575000000 0.1382793328
0.1580000000 0.1182360740
0.1585000000 0.1506827094
0.1590000000 0.1406622055
0.1595000000 0.1374575811
0.1600000000 0.1186243442
0.1605000000 0.1194282809
0.1610000000 0.1273080322
0.1615000000 0.1172018955
0.1620000000 0.0878869946
0.1625000000 0.0863883432
0.1630000000 0.1145185479
0.1635000000 0.0836278328
0.1640000000 0.0447406529
0.1645000000 0.0271694837
0.1650000000 0.0454154822
0.1655000000 0.0055650923
0.1660000000 -0.0095303351
0.1665000000 -0.0008581458
0.1670000000 0.0056308708
0.1675000000 0.0519385919
0.1680000000 0.0514957143
0.1685000000 0.0704886995
0.1690000000 0.0568749474
0.1695000000 0.0475635510
0.1700000000 0.0406440768
0.1705000000 0.0717500156
0.1710000000 0.0558786770
0.1715000000 0.0742588215
0.1720000000 0.0673204986
0.1725000000 0.0659962354
0.1730000000 0.0805530664
0.1735000000 0.0523585384
0.1740000000 0.0665709177
0.1745000000 0.0487731769
0.1750000000 0.0200672290
0.1755000000 0.0452647971
0.1760000000 0.0660709256
0.1765000000 0.0600748318
0.1770000000 0.0215065434
0.1775000000 0.0063490640
0.1780000000 0.0056489254
0.1785000000 -0.0224370513
0.1790000000 -0.0690711096
0.1795000000 -0.0569504351
0.1800000000 -0.0175649077
0.1805000000 -0.0013747615
0.1810000000 0.0360210567
0.1815000000 0.0129505561
0.1820000000 0.0190258678
0.1825000000 0.0175802518
0.1830000000 0.0202409637
0.1835000000 0.0082007947
0.1840000000 -0.0040261981
0.1845000000 0.0048497671
0.1850000000 0.0195699271
0.1855000000 0.0313619699
0.1860000000 0.0364748998
0.1865000000 0.0113971071
0.1870000000 0.0353436655
0.1875000000 0.0106798950
0.1880000000 0.0124242289
0.1885000000 -0.0006010880
0.1890000000 -0.0133493960
0.1895000000 -0.0275704510
0.1900000000 -0.0404179549
0.1905000000 -0.0372281909
0.1910000000 -0.0207768054
0.1915000000 -0.0073305018
0.1920000000 0.0518865894
0.1925000000 0.0923459481
0.1930000000 0.0781404670
0.1935000000 0.1084815616
0.1940000000 0.1382409882
0.1945000000 0.1208649185
0.1950000000 0.1397480340
0.1955000000 0.1150549850
0.1960000000 0.0781933939
0.1965000000 0.1246903305
0.1970000000 0.1391551277
0.1975000000 0.1495005527
0.1980000000 0.1532178891
0.1985000000 0.1334236902
0.1990000000 0.1497917092
0.1995000000 0.1606349794
0.2000000000 0.1281438886
0.2005000000 0.1471619375
0.2010000000 0.1403558909
0.2015000000 0.1684628168
0.2020000000 0.1433081977
0.2025000000 0.1214438980
0.2030000000 0.1741286250
0.2035000000 0.1982019139
0.2040000000 0.1703577732
0.2045000000 0.1769075599
0.2050000000 0.1838566154
0.2055000000 0.1669592947
0.2060000000 0.1234878955
0.2065000000 0.1344497805
0.2070000000 0.1671276180
0.2075000000 0.1390820974
0.2080000000 0.1600238036
0.2085000000 0.1372196890
0.2090000000 0.1303836764
0.2095000000 0.0771601985
0.2100000000 0.1216426920
0.2105000000 0.1256482060
0.2110000000 0.1453079966
0.2115000000 0.1525398563
0.2120000000 0.1385468974
0.2125000000 0.1478575686
0.2130000000 0.1557865316
0.2135000000 0.1235259535
0.2140000000 0.1392564766
0.2145000000 0.1431275138
0.2150000000 0.1660802520
0.2155000000 0.1669111958
0.2160000000 0.1962142544
0.2165000000 0.1924019104
0.2170000000 0.1961422678
0.2175000000 0.1687419733
0.2180000000 0.1766447582
0.2185000000 0.1869760108
0.2190000000 0.2154338011
0.2195000000 0.1897548194
0.2200000000 0.1868591698
0.2205000000 0.1585366495
0.2210000000 0.1393226114
0.2215000000 0.1317660141
0.2220000000 0.1185128989
0.2225000000 0.1303166018
0.2230000000 0.1647586137
0.2235000000 0.1756616996
0.2240000000 0.2294151542
0.2245000000 0.2338364944
0.2250000000 0.2404954691
0.2255000000 0.2595253487
0.2260000000 0.2587785750
0.2265000000 0.3079057409
0.2270000000 0.3073633923
0.2275000000 0.2588223858
0.2280000000 0.2779293787
0.2285000000 0.2858020844
0.2290000000 0.2901062428
0.2295000000 0.2691026114
0.2300000000 0.2670786623
0.2305000000 0.2610493407
0.2310000000 0.2433470386
0.2315000000 0.2783574588
0.2320000000 0.2564666404
0.2325000000 0.2681083740
0.2330000000 0.2754855658
0.2335000000 0.2563765211
0.2340000000 0.2229043694
0.2345000000 0.2143465939
0.2350000000 0.2448966758
0.2355000000 0.2191622628
0.2360000000 0.1765082120
0.2365000000 0.2081020135
0.2370000000 0.1511279835
0.2375000000 0.1471477429
0.2380000000 0.1233340050
0.2385000000 0.1356697180
0.2390000000 0.1520430740
0.2395000000 0.1215795792
0.2400000000 0.1361859367
0.2405000000 0.1261828329
0.2410000000 0.0847769338
0.2415000000 0.0955382518
0.2420000000 0.1184750506
0.2425000000 0.1430572226
0.2430000000 0.1593955677
0.2435000000 0.1259129082
0.2440000000 0.1156446510
0.2445000000 0.1499038622
0.2450000000 0.1770646191
0.2455000000 0.2034372174
0.2460000000 0.1862921177
0.2465000000 0.2005910510
0.2470000000 0.1790760750
0.2475000000 0.1895853696
0.2480000000 0.2087237832
0.2485000000 0.2138244897
0.2490000000 0.2407305428
0.2495000000 0.2987545369
0.2500000000 0.3249766855
0.2505000000 0.3248855160
0.2510000000 0.3433431757
0.2515000000 0.3461236864
0.2520000000 0.3159411170
0.2525000000 0.3002735703
0.2530000000 0.3085091387
0.2535000000 0.2784825805
0.2540000000 0.2759950523
0.2545000000 0.2530879616
0.2550000000 0.2534048797
0.2555000000 0.2465460536
0.2560000000 0.2368732166
0.2565000000 0.2452332471
0.2570000000 0.2490425581
0.2575000000 0.2065459221
0.2580000000 0.1802244428
0.2585000000 0.2289298556
0.2590000000 0.2262855668
0.2595000000 0.2575226104
0.2600000000 0.2562280704
0.2605000000 0.2596370805
0.2610000000 0.2905323333
0.2615000000 0.2701249225
0.2620000000 0.2799033214
0.2625000000 0.2522064848
0.2630000000 0.2617209211
0.2635000000 0.2349432545
0.2640000000 0.1952637589
0.2645000000 0.1980028195
0.2650000000 0.1766652490
0.2655000000 0.2113675441
0.2660000000 0.2248279329
0.2665000000 0.2022653669
0.2670000000 0.2190790758
0.2675000000 0.2433054155
0.2680000000 0.2292585820
0.2685000000 0.2186591492
0.2690000000 0.1966351215
0.2695000000 0.1894541725
0.2700000000 0.1821417898
0.2705000000 0.1782973421
0.2710000000 0.1780668195
0.2715000000 0.1737177347
0.2720000000 0.1446163496
0.2725000000 0.1360890952
0.2730000000 0.1393202206
0.2735000000 0.1300462858
0.2740000000 0.1455281537
0.2745000000 0.1723418012
0.2750000000 0.2055880527
0.2755000000 0.2163957454
0.2760000000 0.2006216026
0.2765000000 0.1956934781
0.2770000000 0.2152194255
0.2775000000 0.2433393189
0.2780000000 0.2364342938
0.2785000000 0.2409713877
0.2790000000 0.2501613316
0.2795000000 0.2541422244
0.2800000000 0.2728939153
0.2805000000 0.2814143966
0.2810000000 0.3165953559
0.2815000000 0.3503591730
0.2820000000 0.3313250229
0.2825000000 0.3423645628
0.2830000000 0.3603616755
0.2835000000 0.3244175262
0.2840000000 0.3391155707
0.2845000000 0.3216884015
0.2850000000 0.3344770511
0.2855000000 0.3291243928
0.2860000000 0.2983987354
0.2865000000 0.2855914472
0.2870000000 0.2521020340
0.2875000000 0.2228491203
0.2880000000 0.2443738785
0.2885000000 0.2623327304
0.2890000000 0.2628205555
0.2895000000 0.3034676874
0.2900000000 0.3066928889
0.2905000000 0.3148345769
0.2910000000 0.3127543225
0.2915000000 0.3220496008
0.2920000000 0.3200637299
0.2925000000 0.3352758506
0.2930000000 0.3526769561
0.2935000000 0.3946689498
0.2940000000 0.4085420804
0.2945000000 0.4089544583
0.2950000000 0.4068317935
0.2955000000 0.4116003285
0.2960000000 0.4156274780
0.2965000000 0.4243636417
0.2970000000 0.4365040922
0.2975000000 0.3962086014
0.2980000000 0.3928645407
0.2985000000 0.3515243375
0.2990000000 0.3608321450
0.2995000000 0.3502992590
0.3000000000 0.3442604230
0.3005000000 0.3422750127
0.3010000000 0.3515270169
0.3015000000 0.3359409035
0.3020000000 0.3247357713
0.3025000000 0.3369292717
0.3030000000 0.3658589828
0.3035000000 0.3924735631
0.3040000000 0.3573623160
0.3045000000 0.3675523499
0.3050000000 0.3704616972
0.3055000000 0.3767702879
0.3060000000 0.3764447910
0.3065000000 0.3757441923
0.3070000000 0.3896437983
0.3075000000 0.3841926737
0.3080000000 0.3630049539
0.3085000000 0.3694757034
0.3090000000 0.3665203118
0.3095000000 0.3358906260
0.3100000000 0.3478803231
0.3105000000 0.3183568621
0.3110000000 0.3612028006
0.3115000000 0.3966819470
0.3120000000 0.3620930543
0.3125000000 0.3846620481
0.3130000000 0.3699423485
0.3135000000 0.3359377026
0.3140000000 0.3148854556
0.3145000000 0.2747106132
0.3150000000 0.2594898682
0.3155000000 0.2687701244
0.3160000000 0.2720748014
0.3165000000 0.2025946130
0.3170000000 0.2132839642
0.3175000000 0.2241636851
0.3180000000 0.2265664337
0.3185000000 0.2358153212
0.3190000000 0.2333532846
0.3195000000 0.2569800956
0.3200000000 0.2481075390
0.3205000000 0.2495221013
0.3210000000 0.2423583547
0.3215000000 0.2185610204
0.3220000000 0.2170484831
0.3225000000 0.2174964938
0.3230000000 0.2244143056
0.3235000000 0.2242906834
0.3240000000 0.2212890089
0.3245000000 0.2557095466
0.3250000000 0.2477209736
0.3255000000 0.2575277318
0.3260000000 0.2824155258
0.3265000000 0.2975477279
0.3270000000 0.2948029467
0.3275000000 0.3288378846
0.3280000000 0.2872054403
0.3285000000 0.3338711494
0.3290000000 0.3517055441
0.3295000000 0.3291310904
0.3300000000 0.3078741395
0.3305000000 0.3391665011
0.3310000000 0.3153121999
0.3315000000 0.2756017129
0.3320000000 0.2420112856
0.3325000000 0.2279931449
0.3330000000 0.2333166204
0.3335000000 0.2388385902
0.3340000000 0.2560185775
0.3345000000 0.2755805220
0.3350000000 0.2852707779
0.3355000000 0.2727768294
0.3360000000 0.2744451462
0.3365000000 0.2183027225
0.3370000000 0.1821314521
0.3375000000 0.2029409948
0.3380000000 0.2147586295
0.3385000000 0.2576194385
0.3390000000 0.2603452098
0.3395000000 0.2374610583
0.3400000000 0.2312284026
0.3405000000 0.2255355146
0.3410000000 0.1994777767
0.3415000000 0.1721038764
0.3420000000 0.1669628679
0.3425000000 0.1427342623
0.3430000000 0.1518039043
0.3435000000 0.1690752182
0.3440000000 0.1623205383
0.3445000000 0.1648984910
0.3450000000 0.1179007915
0.3455000000 0.1200714060
0.3460000000 0.0808207146
0.3465000000 0.1106223236
0.3470000000 0.0815146913
0.3475000000 0.0843958699
0.3480000000 0.0968936414
0.3485000000 0.0722145371
0.3490000000 0.0781722040
0.3495000000 0.0525120122
0.3500000000 0.0459778504
0.3505000000 0.0155161618
0.3510000000 0.0447377911
0.3515000000 0.0373555826
0.3520000000 0.0478494977
0.3525000000 0.0239708417
0.3530000000 0.0500119139
0.3535000000 0.0636973318
0.3540000000 0.0641952328
0.3545000000 0.0585861296
0.3550000000 0.0614649840
0.3555000000 0.0757367090
0.3560000000 0.0947208264
0.3565000000 0.0588097708
0.3570000000 0.0599138747
0.3575000000 0.0835663077
0.3580000000 0.1124306183
0.3585000000 0.1221432923
0.3590000000 0.1163285691
0.3595000000 0.0871406652
0.3600000000 0.0778141953
0.3605000000 0.0406599176
0.3610000000 0.0452253904
0.3615000000 0.0304383073
0.3620000000 0.0080737607
0.3625000000 0.0528684036
0.3630000000 0.0501431625
0.3635000000 0.0236620361
0.3640000000 0.0003953369
0.3645000000 0.0128966069
0.3650000000 0.0004026836
0.3655000000 -0.0134297420
0.3660000000 -0.0222576116
0.3665000000 -0.0166030145
0.3670000000 -0.0023899978
0.3675000000 -0.0188013578
0.3680000000 -0.0038971470
0.3685000000 -0.0259645223
0.3690000000 -0.0357451426
0.3695000000 -0.0412146821
0.3700000000 -0.0178220565
0.3705000000 -0.0129056842
0.3710000000 -0.0009154734
0.3715000000 0.0018981878
0.3720000000 -0.0072033292
0.3725000000 -0.0098223494
0.3730000000 -0.0358165378
0.3735000000 -0.0065408854
0.3740000000 -0.0381497695
0.3745000000 -0.0326939281
0.3750000000 -0.0536156157
0.3755000000 -0.0624384192
0.3760000000 -0.0295077777
0.3765000000 -0.0532338936
0.3770000000 -0.0241523668
0.3775000000 -0.0366783050
0.3780000000 -0.0903765304
0.3785000000 -0.1078880293
0.3790000000 -0.0972127498
0.3795000000 -0.0758113380
0.3800000000 -0.0777550226
0.3805000000 -0.0951350417
0.3810000000 -0.0911864794
0.3815000000 -0.1316015564
0.3820000000 -0.1195033631
0.3825000000 -0.1123215178
0.3830000000 -0.1340055040
0.3835000000 -0.1324352429
0.3840000000 -0.1233171915
0.3845000000 -0.1321891221
0.3850000000 -0.1256067557
0.3855000000 -0.1155682941
0.3860000000 -0.1377706301
0.3865000000 -0.1486069733
0.3870000000 -0.1694978626
0.3875000000 -0.1732543255
0.3880000000 -0.1510724910
0.3885000000 -0.1111250850
0.3890000000 -0.1521917186
0.3895000000 -0.1908626482
0.3900000000 -0.2288451312
0.3905000000 -0.2286975035
0.3910000000 -0.2301969409
0.3915000000 -0.2695974109
0.3920000000 -0.2757477100
0.3925000000 -0.2894861654
0.3930000000 -0.2825355004
0.3935000000 -0.2911467932
0.3940000000 -0.2680651101
0.3945000000 -0.2523247690
0.3950000000 -0.2335648362
0.3955000000 -0.2445753680
0.3960000000 -0.2915243874
0.3965000000 -0.3040748957
0.3970000000 -0.3356683316
0.3975000000 -0.3274735746
0.3980000000 -0.3421760447
0.3985000000 -0.3870149902
0.3990000000 -0.4008097337
0.3995000000 -0.4126352925
0.4000000000 -0.4099304260
0.4005000000 -0.3947866389
0.4010000000 -0.4364323099
0.4015000000 -0.4505540858
0.4020000000 -0.4482517381
0.4025000000 -0.4241189817
0.4030000000 -0.4526301227
0.4035000000 -0.4534410589
0.4040000000 -0.4198296506
0.4045000000 -0.4434872809
0.4050000000 -0.4151377079
0.4055000000 -0.3858879544
0.4060000000 -0.3672426786
0.4065000000 -0.3734396614
0.4070000000 -0.3859340545
0.4075000000 -0.3916078952
0.4080000000 -0.3861451721
0.4085000000 -0.3824042628
0.4090000000 -0.3904713741
0.4095000000 -0.3747738007
0.4100000000 -0.3832808322
0.4105000000 -0.3757144719
0.4110000000 -0.3776623676
0.4115000000 -0.3813885248
0.4120000000 -0.4051640081
0.4125000000 -0.4169784912
0.4130000000 -0.4446178207
0.4135000000 -0.4680591665
0.4140000000 -0.4464206087
0.4145000000 -0.4300437536
0.4150000000 -0.4103744370
0.4155000000 -0.4292246623
0.4160000000 -0.3894042068
0.4165000000 -0.3795836260
0.4170000000 -0.3436091548
0.4175000000 -0.3550554728
0.4180000000 -0.3551557496
0.4185000000 -0.3606741829
0.4190000000 -0.3541981891
0.4195000000 -0.3398223115
0.4200000000 -0.3666357432
0.4205000000 -0.3537697805
0.4210000000 -0.3135351272
0.4215000000 -0.3082198957
0.4220000000 -0.2858419797
0.4225000000 -0.2969120374
0.4230000000 -0.2801492358
0.4235000000 -0.2732265065
0.4240000000 -0.2925653940
0.4245000000 -0.2952522142
0.4250000000 -0.3297043810
0.4255000000 -0.3355906133
0.4260000000 -0.3449035979
0.4265000000 -0.3935081903
0.4270000000 -0.4276748271
0.4275000000 -0.4147775085
0.4280000000 -0.3795856786
0.4285000000 -0.4073929136
0.4290000000 -0.3859884519
0.4295000000 -0.3582299127
0.4300000000 -0.3823352396
0.4305000000 -0.4015029965
0.4310000000 -0.3743718483
0.4315000000 -0.4004826966
0.4320000000 -0.3569504057
0.4325000000 -0.3754230600
0.4330000000 -0.3821863221
0.4335000000 -0.3731662549
0.4340000000 -0.3802734417
0.4345000000 -0.3384976758
0.4350000000 -0.3475252534
0.4355000000 -0.3729465263
0.4360000000 -0.3930410788
0.4365000000 -0.3587736488
0.4370000000 -0.3889793925
0.4375000000 -0.4050052232
0.4380000000 -0.4221190606
0.4385000000 -0.4214039281
0.4390000000 -0.4271878204
0.4395000000 -0.4328150365
0.4400000000 -0.4437629958
0.4405000000 -0.4544160608
0.4410000000 -0.4379761556
0.4415000000 -0.4190697562
0.4420000000 -0.4734037684
0.4425000000 -0.4953742828
0.4430000000 -0.4796552365
0.4435000000 -0.4689656834
0.4440000000 -0.4686059112
0.4445000000 -0.4674901592
0.4450000000 -0.4655811797
0.4455000000 -0.4510715571
0.4460000000 -0.4751675727
0.4465000000 -0.5044911123
0.4470000000 -0.5210575102
0.4475000000 -0.5157221986
0.4480000000 -0.4955532594
0.4485000000 -0.4904965834
0.4490000000 -0.4992734136
0.4495000000 -0.5402593650
0.4500000000 -0.5545707594
0.4505000000 -0.5163348356
0.4510000000 -0.5010078384
0.4515000000 -0.4651240236
0.4520000000 -0.4391886320
0.4525000000 -0.4246504645
0.4530000000 -0.4507368232
0.4535000000 -0.4233759969
0.4540000000 -0.4400540317
0.4545000000 -0.4141677410
0.4550000000 -0.4249299982
0.4555000000 -0.4186265764
0.4560000000 -0.4205298025
0.4565000000 -0.3798430542
0.4570000000 -0.3347624814
0.4575000000 -0.3225019542
0.4580000000 -0.3507803979
0.4585000000 -0.3675766989
0.4590000000 -0.3664115032
0.4595000000 -0.3755032928
0.4600000000 -0.3831611087
0.4605000000 -0.3543739588
0.4610000000 -0.3368484347
0.4615000000 -0.3218355300
0.4620000000 -0.3441234400
0.4625000000 -0.3380639498
0.4630000000 -0.2922672460
0.4635000000 -0.2715867833
0.4640000000 -0.2315445128
0.4645000000 -0.2297411895
0.4650000000 -0.2363510320
0.4655000000 -0.2590164014
0.4660000000 -0.2416479199
0.4665000000 -0.2624340106
0.4670000000 -0.2766612993
0.4675000000 -0.3004976847
0.4680000000 -0.2947711283
0.4685000000 -0.2924712934
0.4690000000 -0.3333317539
0.4695000000 -0.3700123053
0.4700000000 -0.3664002011
0.4705000000 -0.3563000448
0.4710000000 -0.3868685009
0.4715000000 -0.4079352176
0.4720000000 -0.3956967563
0.4725000000 -0.4038288831
0.4730000000 -0.4155035136
0.4735000000 -0.4588724043
0.4740000000 -0.4852179181
0.4745000000 -0.4871593747
0.4750000000 -0.4764551944
0.4755000000 -0.4856733538
0.4760000000 -0.4866855077
0.4765000000 -0.5201674393
0.4770000000 -0.5269463687
0.4775000000 -0.4967552297
0.4780000000 -0.5154121528
0.4785000000 -0.5850453366
0.4790000000 -0.5547897325
0.4795000000 -0.5770678979
0.4800000000 -0.5945798531
0.4805000000 -0.6022777135
0.4810000000 -0.5803654482
0.4815000000 -0.5454560897
0.4820000000 -0.5547024325
0.4825000000 -0.6175140577
0.4830000000 -0.5969376968
0.4835000000 -0.5752399154
0.4840000000 -0.5900398871
0.4845000000 -0.6208202777
0.4850000000 -0.6464840689
0.4855000000 -0.6334087253
0.4860000000 -0.6403580281
0.4865000000 -0.6018872107
0.4870000000 -0.5817366079
0.4875000000 -0.5907348764
0.4880000000 -0.5770600973
0.4885000000 -0.5580033975
0.4890000000 -0.5823945056
0.4895000000 -0.6065031598
0.4900000000 -0.6605395623
0.4905000000 -0.6661877921
0.4910000000 -0.6371373862
0.4915000000 -0.6397969377
0.4920000000 -0.6736350371
0.4925000000 -0.6318988308
0.4930000000 -0.6468213372
0.4935000000 -0.6267577502
0.4940000000 -0.6172330643
0.4945000000 -0.6081785759
0.4950000000 -0.6440036528
0.4955000000 -0.6596756923
0.4960000000 -0.6570252774
0.4965000000 -0.7010477817
0.4970000000 -0.6827445718
0.4975000000 -0.7106115703
0.4980000000 -0.7102860854
0.4985000000 -0.6992710015
0.4990000000 -0.6942531215
0.4995000000 -0.6815523594
0.5000000000 -0.7175503248
0.5005000000 -0.7015662617
0.5010000000 -0.7211136431
0.5015000000 -0.7418543484
0.5020000000 -0.7195141704
0.5025000000 -0.7184406455
0.5030000000 -0.6800102686
0.5035000000 -0.6643833255
0.5040000000 -0.6142791978
0.5045000000 -0.6076685873
0.5050000000 -0.6313514716
0.5055000000 -0.6484906291
0.5060000000 -0.6176312302
0.5065000000 -0.6134157980
0.5070000000 -0.6105118157
0.5075000000 -0.5898195016
0.5080000000 -0.6072721673
0.5085000000 -0.6241158643
0.5090000000 -0.5615098453
0.5095000000 -0.5853872615
0.5100000000 -0.6010048700
0.5105000000 -0.5804801138
0.5110000000 -0.5875138205
0.5115000000 -0.5437399855
0.5120000000 -0.5226738010
0.5125000000 -0.5121306958
0.5130000000 -0.5124085731
0.5135000000 -0.4932731791
0.5140000000 -0.5173270941
0.5145000000 -0.4831603343
0.5150000000 -0.4656314601
0.5155000000 -0.4645191589
0.5160000000 -0.5310675603
0.5165000000 -0.5562769351
0.5170000000 -0.5846373841
0.5175000000 -0.5572429357
0.5180000000 -0.5615631234
0.5185000000 -0.5977277322
0.5190000000 -0.6101873522
0.5195000000 -0.5928036909
0.5200000000 -0.5947366689
0.5205000000 -0.6127736331
0.5210000000 -0.6691193401
0.5215000000 -0.6728057301
0.5220000000 -0.6782793838
0.5225000000 -0.7071942226
0.5230000000 -0.6855235080
0.5235000000 -0.6766028311
0.5240000000 -0.6794398650
0.5245000000 -0.6799966500
0.5250000000 -0.6924764512
0.5255000000 -0.6799512524
0.5260000000 -0.7107127655
0.5265000000 -0.6976824397
0.5270000000 -0.6889470005
0.5275000000 -0.6725141247
0.5280000000 -0.6580465481
0.5285000000 -0.6475865587
0.5290000000 -0.6396165137
0.5295000000 -0.6412460983
0.5300000000 -0.6656457014
0.5305000000 -0.6313021960
0.5310000000 -0.6209708007
0.5315000000 -0.6546919282
0.5320000000 -0.6674438982
0.5325000000 -0.6511703891
0.5330000000 -0.6459225983
0.5335000000 -0.6422885053
0.5340000000 -0.6431959347
0.5345000000 -0.6190205426
0.5350000000 -0.5549861941
0.5355000000 -0.5688701293
0.5360000000 -0.5590518110
0.5365000000 -0.5871921145
0.5370000000 -0.5484108079
0.5375000000 -0.5525373644
0.5380000000 -0.5574097957
0.5385000000 -0.5655721788
0.5390000000 -0.5138541949
0.5395000000 -0.5262712981
0.5400000000 -0.5348604045
0.5405000000 -0.5786454911
0.5410000000 -0.5752910572
0.5415000000 -0.5670791631
0.5420000000 -0.5700889054
0.5425000000 -0.5619300091
0.5430000000 -0.5752457882
0.5435000000 -0.5852947366
0.5440000000 -0.5791540282
0.5445000000 -0.5665783524
0.5450000000 -0.5743870441
0.5455000000 -0.5726034054
0.5460000000 -0.5379186331
0.5465000000 -0.5156614723
0.5470000000 -0.5064484835
0.5475000000 -0.5093606609
0.5480000000 -0.5241971309
0.5485000000 -0.4931350280
0.5490000000 -0.4848807279
0.5495000000 -0.4596818495
0.5500000000 -0.4322210338
0.5505000000 -0.4288969364
0.5510000000 -0.4238772830
0.5515000000 -0.4070282680
0.5520000000 -0.4031263487
0.5525000000 -0.4135732496
0.5530000000 -0.4041888162
0.5535000000 -0.3647591576
0.5540000000 -0.3533953435
0.5545000000 -0.3700261651
0.5550000000 -0.3323742170
0.5555000000 -0.3215617920
0.5560000000 -0.3346924125
0.5565000000 -0.3424241507
0.5570000000 -0.3521224376
0.5575000000 -0.3754980107
0.5580000000 -0.3687707705
0.5585000000 -0.3386869193
0.5590000000 -0.3515769785
0.5595000000 -0.3624382406
0.5600000000 -0.3620218821
0.5605000000 -0.3397521677
0.5610000000 -0.3736232398
0.5615000000 -0.3308797506
0.5620000000 -0.3444969695
0.5625000000 -0.3558364904
0.5630000000 -0.3530870669
0.5635000000 -0.3675358839
0.5640000000 -0.3547312535
0.5645000000 -0.3628095947
0.5650000000 -0.3692753610
0.5655000000 -0.3871812758
0.5660000000 -0.3870449833
0.5665000000 -0.3802259224
0.5670000000 -0.3504661052
0.5675000000 -0.3389181316
0.5680000000 -0.3134002460
0.5685000000 -0.3069117250
0.5690000000 -0.3246477409
0.5695000000 -0.3424801506
0.5700000000 -0.3704470338
0.5705000000 -0.3312940663
0.5710000000 -0.3223695450
0.5715000000 -0.3354110475
0.5720000000 -0.3346503271
0.5725000000 -0.3295929022
0.5730000000 -0.3296095682
0.5735000000 -0.3204861744
0.5740000000 -0.2851439159
0.5745000000 -0.3243170217
0.5750000000 -0.3047767505
0.5755000000 -0.2522497455
0.5760000000 -0.2751526987
0.5765000000 -0.2614279857
0.5770000000 -0.2556917148
0.5775000000 -0.2426943908
0.5780000000 -0.2399295309
0.5785000000 -0.2012853789
0.5790000000 -0.2215146176
0.5795000000 -0.1977897754
0.5800000000 -0.2081480558
0.5805000000 -0.2049672860
0.5810000000 -0.2018233449
0.5815000000 -0.2127137332
0.5820000000 -0.2313566735
0.5825000000 -0.2435990012
0.5830000000 -0.2470072386
0.5835000000 -0.2468810465
0.5840000000 -0.2432619231
0.5845000000 -0.2649583842
0.5850000000 -0.3266891068
0.5855000000 -0.3315144983
0.5860000000 -0.2951849261
0.5865000000 -0.2695638260
0.5870000000 -0.2924299100
0.5875000000 -0.3089569819
0.5880000000 -0.2954742597
0.5885000000 -0.3148906174
0.5890000000 -0.3028676745
0.5895000000 -0.2983477978
0.5900000000 -0.2904893497
0.5905000000 -0.3053756773
0.5910000000 -0.2763642311
0.5915000000 -0.2893899775
0.5920000000 -0.2980449191
0.5925000000 -0.2818995921
0.5930000000 -0.3048631309
0.5935000000 -0.2684805066
0.5940000000 -0.2442738448
0.5945000000 -0.2520791201
0.5950000000 -0.2765273505
0.5955000000 -0.2858095250
0.5960000000 -0.2777319941
0.5965000000 -0.3090983922
0.5970000000 -0.3375783316
0.5975000000 -0.3414241223
0.5980000000 -0.3668081138
0.5985000000 -0.3662107293
0.5990000000 -0.3456402603
0.5995000000 -0.3681968982
0.6000000000 -0.3727551796
0.6005000000 -0.3852840232
0.6010000000 -0.3807320453
0.6015000000 -0.3658994059
0.6020000000 -0.3555033972
0.6025000000 -0.3561223360
0.6030000000 -0.3737218407
0.6035000000 -0.3860010237
0.6040000000 -0.3903259063
0.6045000000 -0.4052782789
0.6050000000 -0.3814988701
0.6055000000 -0.3905375306
0.6060000000 -0.3957275510
0.6065000000 -0.3692472264
0.6070000000 -0.3930541592
0.6075000000 -0.4057479746
0.6080000000 -0.3884061680
0.6085000000 -0.3917895131
0.6090000000 -0.3744856278
0.6095000000 -0.3718750899
0.6100000000 -0.3700945359
0.6105000000 -0.3755285081
0.6110000000 -0.4014314008
0.6115000000 -0.3958675413
0.6120000000 -0.4236169283
0.6125000000 -0.4331718019
0.6130000000 -0.4191199353
0.6135000000 -0.4152887816
0.6140000000 -0.3869022949
0.6145000000 -0.4058802949
0.6150000000 -0.3956925906
0.6155000000 -0.3989178884
0.6160000000 -0.4120471850
0.6165000000 -0.3926430097
0.6170000000 -0.4005728831
0.6175000000 -0.3887240658
0.6180000000 -0.4083859545
0.6185000000 -0.4312265509
0.6190000000 -0.4430971107
0.6195000000 -0.4479416216
0.6200000000 -0.4093216225
0.6205000000 -0.4109798198
0.6210000000 -0.4303555502
0.6215000000 -0.4072540255
0.6220000000 -0.4192782870
0.6225000000 -0.4164690994
0.6230000000 -0.3959506002
0.6235000000 -0.3755727533
0.6240000000 -0.4079557595
0.6245000000 -0.3883812702
0.6250000000 -0.3832841194
0.6255000000 -0.3586996948
0.6260000000 -0.3521444609
0.6265000000 -0.3272192203
0.6270000000 -0.3300577792
0.6275000000 -0.3365504222
0.6280000000 -0.3470996732
0.6285000000 -0.3512404517
0.6290000000 -0.3834210885
0.6295000000 -0.3809465586
0.6300000000 -0.3542158284
0.6305000000 -0.3628162200
0.6310000000 -0.3593007331
0.6315000000 -0.3214111193
0.6320000000 -0.3235373702
0.6325000000 -0.3294935852
0.6330000000 -0.3117877782
0.6335000000 -0.3254736013
0.6340000000 -0.3062296271
0.6345000000 -0.2659163357
0.6350000000 -0.2571981831
0.6355000000 -0.2529335497
0.6360000000 -0.2578222664
0.6365000000 -0.2386825974
0.6370000000 -0.2503400287
0.6375000000 -0.2221786668
0.6380000000 -0.2093561052
0.6385000000 -0.1748433672
0.6390000000 -0.1797447695
0.6395000000 -0.1802311346
0.6400000000 -0.1653118000
0.6405000000 -0.1206124718
0.6410000000 -0.1061643110
0.6415000000 -0.0774027189
0.6420000000 -0.0569053642
0.6425000000 -0.0609727684
0.6430000000 -0.0645921663
0.6435000000 -0.0618839007
0.6440000000 -0.0654043628
0.6445000000 -0.0363124686
0.6450000000 -0.0195935169
0.6455000000 0.0022508605
0.6460000000 -0.0289767629
0.6465000000 -0.0061606832
0.6470000000 0.0231409688
0.6475000000 0.0175365748
0.6480000000 -0.0055031790
0.6485000000 -0.0063338344
0.6490000000 0.0273595063
0.6495000000 0.0209869702
0.6500000000 0.0303160344
0.6505000000 0.0158746523
0.6510000000 0.0048681033
0.6515000000 0.0009351211
0.6520000000 0.0039715825
0.6525000000 0.0163617172
0.6530000000 0.0262056911
0.6535000000 0.0691814278
0.6540000000 0.1308207951
0.6545000000 0.1462924544
0.6550000000 0.1573106245
0.6555000000 0.1931600798
0.6560000000 0.2045810702
0.6565000000 0.1665114933
0.6570000000 0.1066095646
0.6575000000 0.1195819323
0.6580000000 0.1582804598
0.6585000000 0.1422709601
0.6590000000 0.1389968003
0.6595000000 0.1567353801
0.6600000000 0.1252624022
0.6605000000 0.0990373728
0.6610000000 0.0885832789
0.6615000000 0.0956849485
0.6620000000 0.1188595769
0.6625000000 0.0918790932
0.6630000000 0.0978124569
0.6635000000 0.1034986772
0.6640000000 0.1188746351
0.6645000000 0.1341352319
0.6650000000 0.1348849404
0.6655000000 0.1416895287
0.6660000000 0.1455698589
0.6665000000 0.1586187236
0.6670000000 0.1919569351
0.6675000000 0.1816734729
0.6680000000 0.1893778671
0.6685000000 0.1573983579
0.6690000000 0.1612910515
0.6695000000 0.1786301377
0.6700000000 0.1502681969
0.6705000000 0.1242348160
0.6710000000 0.1394100319
0.6715000000 0.1295377417
0.6720000000 0.0763293295
0.6725000000 0.0671838229
0.6730000000 0.0552723821
0.6735000000 0.0588649678
0.6740000000 0.0367420913
0.6745000000 0.0155249681
0.6750000000 0.0314304373
0.6755000000 0.0178503592
0.6760000000 0.0446293682
0.6765000000 0.0576049564
0.6770000000 0.0776242457
0.6775000000 0.0743374047
0.6780000000 0.0521987536
0.6785000000 0.0277954618
0.6790000000 0.0238853406
0.6795000000 0.0016625520
0.6800000000 0.0357491590
0.6805000000 -0.0018209450
0.6810000000 -0.0310767141
0.6815000000 -0.0161013308
0.6820000000 -0.0439727708
0.6825000000 -0.0786446197
0.6830000000 -0.1157387655
0.6835000000 -0.1231298704
0.6840000000 -0.1196720373
0.6845000000 -0.1093874878
0.6850000000 -0.1285672288
0.6855000000 -0.1264939312
0.6860000000 -0.0987327301
0.6865000000 -0.1017979046
0.6870000000 -0.0859957856
0.6875000000 -0.0998897429
0.6880000000 -0.1078018500
0.6885000000 -0.0888325003
0.6890000000 -0.1004548122
0.6895000000 -0.0975396303
0.6900000000 -0.0824644302
0.6905000000 -0.0689709228
0.6910000000 -0.1136583290
0.6915000000 -0.1351293812
0.6920000000 -0.1306279237
0.6925000000 -0.0928549649
0.6930000000 -0.0731225888
0.6935000000 -0.0624173058
0.6940000000 -0.0282227878
0.6945000000 -0.0119049893
0.6950000000 -0.0462514527
0.6955000000 -0.0465196109
0.6960000000 -0.0062586665
0.6965000000 -0.0459938167
0.6970000000 -0.0374596305
0.6975000000 -0.0182971360
0.6980000000 -0.0483715035
0.6985000000 -0.0449856667
0.6990000000 -0.0293541910
0.6995000000 -0.0658309736
0.7000000000 -0.0495799861
0.7005000000 -0.0125180662
0.7010000000 0.0067615208
0.7015000000 0.0247435546
0.7020000000 0.0522339155
0.7025000000 0.0696829334
0.7030000000 0.0846748345
0.7035000000 0.1060031489
0.7040000000 0.0892953792
0.7045000000 0.0553894864
0.7050000000 0.0392817763
0.7055000000 0.0575981497
0.7060000000 0.0763042306
0.7065000000 0.0828965242
0.7070000000 0.0527027487
0.7075000000 0.0590547673
0.7080000000 0.0523538619
0.7085000000 0.0511463788
0.7090000000 0.0280593628
0.7095000000 -0.0076190010
0.7100000000 -0.0210806171
0.7105000000 -0.0771582575
0.7110000000 -0.0808098195
0.7115000000 -0.0853664388
0.7120000000 -0.0665033772
0.7125000000 -0.0901749551
0.7130000000 -0.0834332122
0.7135000000 -0.0902229465
0.7140000000 -0.0990679886
0.7145000000 -0.1127331838
0.7150000000 -0.1037482167
0.7155000000 -0.1275556660
0.7160000000 -0.1199670031
0.7165000000 -0.1280504401
0.7170000000 -0.1376860235
0.7175000000 -0.1545638368
0.7180000000 -0.1363302135
0.7185000000 -0.1542007225
0.7190000000 -0.1568035685
0.7195000000 -0.1619816296
0.7200000000 -0.1486279617
0.7205000000 -0.1531377253
0.7210000000 -0.1943934928
0.7215000000 -0.1917514512
0.7220000000 -0.1775165476
0.7225000000 -0.2362088375
0.7230000000 -0.2361402230
0.7235000000 -0.2575608708
0.7240000000 -0.2552075316
0.7245000000 -0.2982322615
0.7250000000 -0.3066924774
0.7255000000 -0.3461795341
0.7260000000 -0.3610712802
0.7265000000 -0.3454047009
0.7270000000 -0.3101225303
0.7275000000 -0.3070495948
0.7280000000 -0.3000665271
0.7285000000 -0.2796073846
0.7290000000 -0.2956835428
0.7295000000 -0.3372413031
0.7300000000 -0.3293603375
0.7305000000 -0.3240926205
0.7310000000 -0.3428071951
0.7315000000 -0.3609475288
0.7320000000 -0.3491481359
0.7325000000 -0.3768624625
0.7330000000 -0.3953143748
0.7335000000 -0.4039267755
0.7340000000 -0.4346491492
0.7345000000 -0.4079471004
0.7350000000 -0.4015155516
0.7355000000 -0.3970723914
0.7360000000 -0.4103482591
0.7365000000 -0.4662253983
0.7370000000 -0.4625459438
0.7375000000 -0.4883754036
0.7380000000 -0.4706918025
0.7385000000 -0.5028691998
0.7390000000 -0.4673308765
0.7395000000 -0.4793995624
0.7400000000 -0.4909890587
0.7405000000 -0.5282572946
0.7410000000 -0.5233209949
0.7415000000 -0.5098728059
0.7420000000 -0.4702721170
0.7425000000 -0.5011078893
0.7430000000 -0.4758245273
0.7435000000 -0.4680610903
0.7440000000 -0.4490043216
0.7445000000 -0.4533566796
0.7450000000 -0.4341406797
0.7455000000 -0.4021284906
0.7460000000 -0.3423631989
0.7465000000 -0.3835875450
0.7470000000 -0.3903584281
0.7475000000 -0.3952259874
0.7480000000 -0.3863555688
0.7485000000 -0.3722233719
0.7490000000 -0.3532201350
0.7495000000 -0.3875684691
0.7500000000 -0.3649147429
0.7505000000 -0.3758246834
0.7510000000 -0.3945372464
0.7515000000 -0.3845360757
0.7520000000 -0.3527973007
0.7525000000 -0.3419754897
0.7530000000 -0.3435294707
0.7535000000 -0.3354766946
0.7540000000 -0.3121184330
0.7545000000 -0.2843232488
0.7550000000 -0.3078442628
0.7555000000 -0.3104362816
0.7560000000 -0.2672743139
0.7565000000 -0.2994173918
0.7570000000 -0.2882118854
0.7575000000 -0.2791365452
0.7580000000 -0.2822124312
0.7585000000 -0.2971607037
0.7590000000 -0.2805079427
0.7595000000 -0.2312644167
0.7600000000 -0.2434498417
0.7605000000 -0.2199029100
0.7610000000 -0.2102639449
0.7615000000 -0.2040505679
0.7620000000 -0.1802555487
0.7625000000 -0.1764485161
0.7630000000 -0.1733539409
0.7635000000 -0.1741776574
0.7640000000 -0.1653650255
0.7645000000 -0.1530323268
0.7650000000 -0.1699039934
0.7655000000 -0.2320712111
0.7660000000 -0.2527244126
0.7665000000 -0.2545361621
0.7670000000 -0.2406495979
0.7675000000 -0.2702191299
0.7680000000 -0.3059961357
0.7685000000 -0.3088550250
0.7690000000 -0.3162625811
0.7695000000 -0.3120473406
0.7700000000 -0.3420694183
0.7705000000 -0.3708674803
0.7710000000 -0.3495517897
0.7715000000 -0.3547623623
0.7720000000 -0.3649890280
0.7725000000 -0.3299097376
0.7730000000 -0.3241913070
0.7735000000 -0.3439330818
0.7740000000 -0.3501252555
0.7745000000 -0.3309708648
0.7750000000 -0.3594118408
0.7755000000 -0.3476781849
0.7760000000 -0.3890664096
0.7765000000 -0.3894107087
0.7770000000 -0.4017501122
0.7775000000 -0.4364461723
0.7780000000 -0.4513442167
0.7785000000 -0.4657766797
0.7790000000 -0.4630720602
0.7795000000 -0.4774725256
0.7800000000 -0.4738746639
0.7805000000 -0.4693773938
0.7810000000 -0.5063114377
0.7815000000 -0.5123791065
0.7820000000 -0.4975906504
0.7825000000 -0.5181273066
0.7830000000 -0.4945672101
0.7835000000 -0.4850965614
0.7840000000 -0.5071154775
0.7845000000 -0.5171564250
0.7850000000 -0.5123833100
0.7855000000 -0.5083831171
0.7860000000 -0.5010110080
0.7865000000 -0.4915259858
0.7870000000 -0.5055439112
0.7875000000 -0.5239364838
0.7880000000 -0.5083289115
0.7885000000 -0.5563245899
0.7890000000 -0.5417901774
0.7895000000 -0.5456681468
0.7900000000 -0.5185314764
0.7905000000 -0.5329706139
0.7910000000 -0.5161205636
0.7915000000 -0.5030952646
0.7920000000 -0.5300452296
0.7925000000 -0.5408363258
0.7930000000 -0.5286875109
0.7935000000 -0.4950974045
0.7940000000 -0.5174447466
0.7945000000 -0.5186603569
0.7950000000 -0.5493353501
0.7955000000 -0.5868218872
0.7960000000 -0.5652561406
0.7965000000 -0.5551685223
0.7970000000 -0.5491468125
0.7975000000 -0.5648603939
0.7980000000 -0.5379295193
0.7985000000 -0.5307785971
0.7990000000 -0.5407749551
0.7995000000 -0.5198020347
0.8000000000 -0.5506140014
0.8005000000 -0.5343172401
0.8010000000 -0.5406862688
0.8015000000 -0.5489869788
0.8020000000 -0.5561867414
0.8025000000 -0.5532714633
0.8030000000 -0.5615967692
0.8035000000 -0.6160984095
0.8040000000 -0.5908985171
0.8045000000 -0.6145205313
0.8050000000 -0.6262431262
0.8055000000 -0.6311284803
0.8060000000 -0.6079540439
0.8065000000 -0.5974513000
0.8070000000 -0.6094169231
0.8075000000 -0.5903082482
0.8080000000 -0.5817404480
0.8085000000 -0.5647886750
0.8090000000 -0.5417952427
0.8095000000 -0.5343853755
0.8100000000 -0.5548615987
0.8105000000 -0.5390363607
0.8110000000 -0.5444042655
0.8115000000 -0.5316612064
0.8120000000 -0.4976129676
0.8125000000 -0.4673594900
0.8130000000 -0.4583587527
0.8135000000 -0.4733790170
0.8140000000 -0.4554344968
0.8145000000 -0.4439733490
0.8150000000 -0.4247559462
0.8155000000 -0.4263151442
0.8160000000 -0.4029496569
0.8165000000 -0.3983374516
0.8170000000 -0.4015086861
0.8175000000 -0.3871706747
0.8180000000 -0.3765561254
0.8185000000 -0.3589336167
0.8190000000 -0.3475079720
0.8195000000 -0.3254705924
0.8200000000 -0.2993489232
0.8205000000 -0.2939012205
0.8210000000 -0.2750876410
0.8215000000 -0.2651044553
0.8220000000 -0.2548275268
0.8225000000 -0.2358638384
0.8230000000 -0.2257539585
0.8235000000 -0.2320600473
0.8240000000 -0.2632372067
0.8245000000 -0.2528722610
0.8250000000 -0.2724466623
0.8255000000 -0.2770468904
0.8260000000 -0.2510221764
0.8265000000 -0.2395354220
0.8270000000 -0.2260441037
0.8275000000 -0.2395789485
0.8280000000 -0.2484413084
0.8285000000 -0.2466711431
0.8290000000 -0.2372307304
0.8295000000 -0.2690086139
0.8300000000 -0.2563746596
0.8305000000 -0.2631336215
0.8310000000 -0.2634852034
0.8315000000 -0.2413785546
0.8320000000 -0.2360029108
0.8325000000 -0.2660177054
0.8330000000 -0.2580180145
0.8335000000 -0.2525501668
0.8340000000 -0.2117301775
0.8345000000 -0.2011787401
0.8350000000 -0.2544127333
0.8355000000 -0.2589370150
0.8360000000 -0.2476889491
0.8365000000 -0.2436803027
0.8370000000 -0.2665467342
0.8375000000 -0.2526819850
0.8380000000 -0.2301312845
0.8385000000 -0.2020391521
0.8390000000 -0.1902536557
0.8395000000 -0.1628434925
0.8400000000 -0.1662426320
0.8405000000 -0.1660618917
0.8410000000 -0.1983460561
0.8415000000 -0.1679070026
0.8420000000 -0.1762262390
0.8425000000 -0.2026255371
0.8430000000 -0.1934702921
0.8435000000 -0.1915759560
0.8440000000 -0.1813775063
0.8445000000 -0.1621532604
0.8450000000 -0.1783111813
0.8455000000 -0.1959578778
0.8460000000 -0.2166079127
0.8465000000 -0.2187050012
0.8470000000 -0.1813078899
0.8475000000 -0.1559086670
0.8480000000 -0.1134337546
0.8485000000 -0.0979113550
0.8490000000 -0.1243075040
0.8495000000 -0.1178524212
0.8500000000 -0.0886526077
0.8505000000 -0.1159007270
0.8510000000 -0.1035323940
0.8515000000 -0.0941898389
0.8520000000 -0.1255312429
0.8525000000 -0.1107133569
0.8530000000 -0.0773889274
0.8535000000 -0.1102645585
0.8540000000 -0.1052851176
0.8545000000 -0.1156732102
0.8550000000 -0.1366941183
0.8555000000 -0.1767116666
0.8560000000 -0.1534798094
0.8565000000 -0.1620761693
0.8570000000 -0.1433456258
0.8575000000 -0.1359701292
0.8580000000 -0.1434325983
0.8585000000 -0.1709982327
0.8590000000 -0.1979079503
0.8595000000 -0.1824279585
0.8600000000 -0.2320471188
0.8605000000 -0.2644917656
0.8610000000 -0.2823855823
0.8615000000 -0.2913453259
0.8620000000 -0.3010871171
0.8625000000 -0.2710744978
0.8630000000 -0.2451115373
0.8635000000 -0.2982842613
0.8640000000 -0.3370578186
0.8645000000 -0.3327601420
0.8650000000 -0.3500185256
0.8655000000 -0.2978271893
0.8660000000 -0.3224371368
0.8665000000 -0.3149957911
0.8670000000 -0.2983473156
0.8675000000 -0.3156462002
0.8680000000 -0.3080627683
0.8685000000 -0.3139903431
0.8690000000 -0.3287881495
0.8695000000 -0.3316624247
0.8700000000 -0.3128661024
0.8705000000 -0.3131716315
0.8710000000 -0.3130545626
0.8715000000 -0.3113919324
0.8720000000 -0.3158930857
0.8725000000 -0.3205243420
0.8730000000 -0.3242792340
0.8735000000 -0.3351797827
0.8740000000 -0.3106007234
0.8745000000 -0.3264401726
0.8750000000 -0.3209342451
0.8755000000 -0.2908058970
0.8760000000 -0.2456846274
0.8765000000 -0.2605721773
0.8770000000 -0.2798547333
0.8775000000 -0.2998588722
0.8780000000 -0.2969862838
0.8785000000 -0.2852843822
0.8790000000 -0.2545928839
0.8795000000 -0.2725863418
0.8800000000 -0.2601826923
0.8805000000 -0.2400434187
0.8810000000 -0.2612888312
0.8815000000 -0.2630762613
0.8820000000 -0.2792568653
0.8825000000 -0.2819989632
0.8830000000 -0.3021622350
0.8835000000 -0.2868523699
0.8840000000 -0.2982800043
0.8845000000 -0.2657931197
0.8850000000 -0.2943985137
0.8855000000 -0.2886970018
0.8860000000 -0.2592989238
0.8865000000 -0.2828341564
0.8870000000 -0.3014870701
0.8875000000 -0.2834766954
0.8880000000 -0.3191187899
0.8885000000 -0.3392348029
0.8890000000 -0.3618933093
0.8895000000 -0.3600041340
0.8900000000 -0.3903901117
0.8905000000 -0.3791993738
0.8910000000 -0.3165678008
0.8915000000 -0.3389214265
0.8920000000 -0.3256169318
0.8925000000 -0.3140873375
0.8930000000 -0.3544321245
0.8935000000 -0.3653890407
0.8940000000 -0.3776055199
0.8945000000 -0.3411160718
0.8950000000 -0.2961812785
0.8955000000 -0.2918600716
0.8960000000 -0.3102970092
0.8965000000 -0.3483380302
0.8970000000 -0.3400046273
0.8975000000 -0.3709840297
0.8980000000 -0.3854186546
0.8985000000 -0.3551511029
0.8990000000 -0.3526297760
0.8995000000 -0.3579937013
0.9000000000 -0.3655351904
0.9005000000 -0.3416381534
0.9010000000 -0.3347238757
0.9015000000 -0.3366422630
0.9020000000 -0.3745231285
0.9025000000 -0.3800412210
0.9030000000 -0.3514110954
0.9035000000 -0.3324304900
0.9040000000 -0.3387714171
0.9045000000 -0.3490779194
0.9050000000 -0.3539666551
0.9055000000 -0.3871641869
0.9060000000 -0.4083178073
0.9065000000 -0.3999461511
0.9070000000 -0.3827771802
0.9075000000 -0.3445486803
0.9080000000 -0.3630116815
0.9085000000 -0.3917608631
0.9090000000 -0.3864766263
0.9095000000 -0.4309836547
0.9100000000 -0.3959501504
0.9105000000 -0.3390691832
0.9110000000 -0.3891190035
0.9115000000 -0.3735658615
0.9120000000 -0.3786369104
0.9125000000 -0.3751035864
0.9130000000 -0.3785516492
0.9135000000 -0.3579805986
0.9140000000 -0.3664511440
0.9145000000 -0.3847253326
0.9150000000 -0.3751586258
0.9155000000 -0.3992548780
0.9160000000 -0.3592737800
0.9165000000 -0.3509162660
0.9170000000 -0.3211336033
0.9175000000 -0.3055475630
0.9180000000 -0.2980968731
0.9185000000 -0.2982740251
0.9190000000 -0.3106419776
0.9195000000 -0.2983607663
0.9200000000 -0.2995395935
0.9205000000 -0.2966532713
0.9210000000 -0.3273809397
0.9215000000 -0.3293998159
0.9220000000 -0.3514466061
0.9225000000 -0.3395102775
0.9230000000 -0.2968832222
0.9235000000 -0.2443536547
0.9240000000 -0.2372636366
0.9245000000 -0.2387719268
0.9250000000 -0.2418738091
0.9255000000 -0.2548958770
0.9260000000 -0.2293455743
0.9265000000 -0.2443154880
0.9270000000 -0.2247941328
0.9275000000 -0.2201860559
0.9280000000 -0.2244922139
0.9285000000 -0.2191919864
0.9290000000 -0.2516925438
0.9295000000 -0.3003812923
0.9300000000 -0.2760967157
0.9305000000 -0.2629432551
0.9310000000 -0.2489842479
0.9315000000 -0.2349431355
0.9320000000 -0.2401067869
0.9325000000 -0.2604793598
0.9330000000 -0.2457473468
0.9335000000 -0.2325137607
0.9340000000 -0.2265742327
0.9345000000 -0.1922376900
0.9350000000 -0.1859860829
0.9355000000 -0.2117296360
0.9360000000 -0.1828553097
0.9365000000 -0.2166103213
0.9370000000 -0.2106898064
0.9375000000 -0.2483165492
0.9380000000 -0.2274357592
0.9385000000 -0.2078042691
0.9390000000 -0.2013824124
0.9395000000 -0.1741163631
0.9400000000 -0.1645591834
0.9405000000 -0.1467682304
0.9410000000 -0.1664879619
0.9415000000 -0.2314070687
0.9420000000 -0.2294065575
0.9425000000 -0.2036898842
0.9430000000 -0.1926706011
0.9435000000 -0.1922200301
0.9440000000 -0.1958571235
0.9445000000 -0.1965103168
0.9450000000 -0.1521614550
0.9455000000 -0.1715971489
0.9460000000 -0.1506616063
0.9465000000 -0.1920959878
0.9470000000 -0.1713466576
0.9475000000 -0.1698742655
0.9480000000 -0.1627341504
0.9485000000 -0.1646658896
0.9490000000 -0.1575239474
0.9495000000 -0.1548475716
0.9500000000 -0.1234556006
0.9505000000 -0.1690969325
0.9510000000 -0.2096730326
0.9515000000 -0.1390108146
0.9520000000 -0.1356320926
0.9525000000 -0.1561294056
0.9530000000 -0.1299815568
0.9535000000 -0.0962843534
0.9540000000 -0.1384464154
0.9545000000 -0.1571168871
0.9550000000 -0.1399961607
0.9555000000 -0.1284250009
0.9560000000 -0.1680428301
0.9565000000 -0.1822085808
0.9570000000 -0.1751341465
0.9575000000 -0.1753702283
0.9580000000 -0.1660080972
0.9585000000 -0.1802683607
0.9590000000 -0.1694892773
0.9595000000 -0.1324321647
0.9600000000 -0.1297786957
0.9605000000 -0.1552102428
0.9610000000 -0.1400970087
0.9615000000 -0.1525962470
0.9620000000 -0.1338273640
0.9625000000 -0.1136989142
0.9630000000 -0.0922633639
0.9635000000 -0.0627337945
0.9640000000 -0.0518707008
0.9645000000 -0.0413125607
0.9650000000 -0.0178958567
0.9655000000 -0.0038329855
0.9660000000 -0.0146056553
0.9665000000 -0.0447685535
0.9670000000 -0.0907016946
0.9675000000 -0.0626038572
0.9680000000 -0.1195534695
0.9685000000 -0.1266776774
0.9690000000 -0.1331553086
0.9695000000 -0.1587973014
0.9700000000 -0.1801696001
0.9705000000 -0.1761431070
0.9710000000 -0.1569677257
0.9715000000 -0.1531306836
0.9720000000 -0.1384441562
0.9725000000 -0.1479413888
0.9730000000 -0.1392172328
0.9735000000 -0.1218739215
0.9740000000 -0.0926037489
0.9745000000 -0.0604050014
0.9750000000 -0.0544989520
0.9755000000 -0.0707084097
0.9760000000 -0.0725404949
0.9765000000 -0.1116779402
0.9770000000 -0.1028240133
0.9775000000 -0.0873255508
0.9780000000 -0.0756322153
0.9785000000 -0.0517680444
0.9790000000 -0.0603522650
0.9795000000 -0.0752267319
0.9800000000 -0.0391433738
0.9805000000 -0.0444416895
0.9810000000 -0.0474185683
0.9815000000 -0.0452617740
0.9820000000 -0.0755479677
0.9825000000 -0.0759155388
0.9830000000 -0.0721743251
0.9835000000 -0.0391116995
0.9840000000 -0.0236860849
0.9845000000 -0.0257047620
0.9850000000 -0.0625471394
0.9855000000 -0.0697031795
0.9860000000 -0.0413782106
0.9865000000 -0.0705365628
0.9870000000 -0.0744517353
0.9875000000 -0.1044220293
0.9880000000 -0.1273887574
0.9885000000 -0.1194962495
0.9890000000 -0.1114169769
0.9895000000 -0.0972486481
0.9900000000 -0.0788259854
0.9905000000 -0.0352786399
0.9910000000 -0.0038145237
0.9915000000 -0.0027134696
0.9920000000 -0.0356823654
0.9925000000 -0.0153874988
0.9930000000 -0.0412123295
0.9935000000 -0.0159359231
0.9940000000 -0.0187329463
0.9945000000 -0.0053912910
0.9950000000 -0.0003845458
0.9955000000 0.0426576849
0.9960000000 0.0290362313
0.9965000000 -0.0060551953
0.9970000000 0.0051062946
0.9975000000 0.0065443562
0.9980000000 -0.0034967834
0.9985000000 -0.0036489589
0.9990000000 0.0201344560
0.9995000000 0.0202255218
1.0000000000 0.0232948761
